image: bar_map.png
resolution: 0.0073
origin: [-7.000000, -2.000000, 0.000000]
negate: 0
occupied_thresh: 0.65
free_thresh: 0.196
