header:
  stamp:
    sec: 1751065661
    nanosec: 847108846
  frame_id: world
pose:
  position:
    x: 1.7499011886429758
    y: 0.75128859213463617
    z: -0.41352635639679414
  orientation:
    x: 0.00083488539772462206
    y: 0.0011200823492850246
    z: 0.999999013206332
    w: 0.00014821695555804426
