header:
  stamp:
    sec: 1751323399
    nanosec: 978225468
  frame_id: grasp_link
pose:
  position:
    x: 0.0002197748294060503
    y: -0.0011936673871024042
    z: -0.00036488675904045031
  orientation:
    x: -0.00049759260075819703
    y: -0.00011566997210019889
    z: -0.0001370271067963263
    w: 0.99999986012280695
