header:
  stamp:
    sec: 1751071036
    nanosec: 596752695
  frame_id: grasp_link
pose:
  position:
    x: 0.00030383982957928621
    y: -0.0013245425319389796
    z: -0.0016041319477265725
  orientation:
    x: 0.0013910226986315073
    y: -0.00052746912366977421
    z: -0.00015689365067765034
    w: 0.999998881107653
