header:
  stamp:
    sec: 1751068806
    nanosec: 634370157
  frame_id: grasp_link
pose:
  position:
    x: 0.0007656204137988403
    y: 0.0047992427432547516
    z: 0.59842077990196163
  orientation:
    x: 0.99999866479007093
    y: -0.00029096065609704523
    z: -0.001030562379837783
    w: 0.0012343829038131923
