header:
  stamp:
    sec: 1751664109
    nanosec: 994625271
  frame_id: grasp_link
pose:
  position:
    x: -0.00067638875627415809
    y: 0.0012153036428876514
    z: -0.001294305119332928
  orientation:
    x: 0.002087859686392292
    y: 0.00030924496102502326
    z: -1.3436647634860511e-05
    w: 0.99999777251198951
