header:
  stamp:
    sec: 1751664111
    nanosec: 879697276
  frame_id: grasp_link
pose:
  position:
    x: -0.00063401561417238649
    y: 0.0018335533663962761
    z: -0.0028970181133248785
  orientation:
    x: -0.0019110038554442964
    y: -2.5183170832723121e-06
    z: 1.4484365719192891e-05
    w: 0.99999817392239543
