header:
  stamp:
    sec: 1751068808
    nanosec: 160814803
  frame_id: grasp_link
pose:
  position:
    x: 0.00080339783127813657
    y: -0.01754180416364251
    z: 0.94265556073801926
  orientation:
    x: 0.9999921802829671
    y: -0.00023570961304836141
    z: 0.00062683880214878609
    w: -0.0038975488467098808
