header:
  stamp:
    sec: 1751323401
    nanosec: 761586671
  frame_id: grasp_link
pose:
  position:
    x: 0.00020255733412617559
    y: -0.0012348195456556273
    z: -0.00040679783556640814
  orientation:
    x: -9.6517737501916441e-05
    y: 0.00055802444640826187
    z: -6.6980366728000858e-05
    w: 0.99999983740332388
