header:
  stamp:
    sec: 1751071038
    nanosec: 19458840
  frame_id: grasp_link
pose:
  position:
    x: -0.00017402061168294994
    y: -0.0010310231147919353
    z: -0.0018462515218299336
  orientation:
    x: 0.0020041258570290856
    y: 0.0026272365499710611
    z: -2.2127511528112081e-05
    w: 0.99999454029411228
