header:
  stamp:
    sec: 1751065663
    nanosec: 646999663
  frame_id: world
pose:
  position:
    x: 1.0002681298192297
    y: 0.72737526283149234
    z: -0.75688582581362462
  orientation:
    x: -0.0015927717847106873
    y: 0.0024662986170443323
    z: 0.99999566151368724
    w: 0.00023958918277079742
