header:
  stamp:
    sec: 1751664113
    nanosec: 707905865
  frame_id: grasp_link
pose:
  position:
    x: -0.00073733014930849917
    y: 0.0019703211357674395
    z: -0.0036497169548403985
  orientation:
    x: -0.0062962184850757497
    y: -0.00091783661660020091
    z: 0.00069227118575454082
    w: 0.99997951777490857
