header:
  stamp:
    sec: 1751065665
    nanosec: 546933341
  frame_id: world
pose:
  position:
    x: 0.25045090448417134
    y: 0.70311585774650887
    z: -1.1004843143675782
  orientation:
    x: -0.0051226190320906089
    y: 0.0046077305887612984
    z: 0.99997625726234596
    w: -0.00011182425521068686
