header:
  stamp:
    sec: 1751323403
    nanosec: 648152443
  frame_id: grasp_link
pose:
  position:
    x: -3.4358669567042827e-05
    y: -0.0011110487592630447
    z: -0.0004538386757788615
  orientation:
    x: 0.00023247290245061652
    y: -0.0010007357404555777
    z: 0.00048655186399326701
    w: 0.99999935387559691
