header:
  stamp:
    sec: 1751068809
    nanosec: 639195087
  frame_id: grasp_link
pose:
  position:
    x: 0.001873415986944046
    y: -0.040236982983225561
    z: 1.2846122835234599
  orientation:
    x: 0.99995135879607755
    y: 0.00046925453963540624
    z: 0.0086130678926395355
    w: -0.0047827715324988106
