header:
  stamp:
    sec: 1751071039
    nanosec: 501671049
  frame_id: grasp_link
pose:
  position:
    x: -9.9808943262704331e-05
    y: 0.0010792004681806776
    z: -0.033162732516088811
  orientation:
    x: 0.0061791561023231854
    y: -0.003715622548433415
    z: -0.00016478744980778207
    w: 0.99997399217381511
