header:
  stamp:
    sec: 1751664115
    nanosec: 389611009
  frame_id: grasp_link
pose:
  position:
    x: -0.00080326758562612992
    y: 0.0020283380855031004
    z: 0.0019651952718855448
  orientation:
    x: -0.0012189605836218677
    y: -0.00027034129978023227
    z: 0.0040535071655237826
    w: 0.99999100502471339
