header:
  stamp:
    sec: 1751071041
    nanosec: 26560377
  frame_id: grasp_link
pose:
  position:
    x: 6.8892395048646008e-05
    y: -0.0011119407940585364
    z: -0.0035607472375098759
  orientation:
    x: 0.0030233942639848604
    y: -0.0087487019965984177
    z: -3.1737344957931013e-05
    w: 0.99995715822891151
