header:
  stamp:
    sec: 1751323407
    nanosec: 577890950
  frame_id: grasp_link
pose:
  position:
    x: 8.9395165653259048e-06
    y: -0.001084043767070296
    z: -0.00016085722003089664
  orientation:
    x: -0.00557930503897672
    y: -0.00058498694068622413
    z: 0.00014847251230854078
    w: 0.99998425342675978
