header:
  stamp:
    sec: 1751068811
    nanosec: 164140734
  frame_id: grasp_link
pose:
  position:
    x: 0.003737676475469482
    y: -0.086291656204229739
    z: 1.9706042395288557
  orientation:
    x: 0.99988872156344921
    y: -0.00034299514815193285
    z: 0.014452804407226204
    w: 0.0036801208276538155
