header:
  stamp:
    sec: 1751065667
    nanosec: 263511847
  frame_id: world
pose:
  position:
    x: -0.49940989860488461
    y: 0.65559957371081445
    z: -1.7896156340370226
  orientation:
    x: -0.012816194528907679
    y: 0.0022524205914798536
    z: 0.99991491451284242
    w: -0.00091405363707813001
