header:
  stamp:
    sec: 1751323409
    nanosec: 261376686
  frame_id: grasp_link
pose:
  position:
    x: 0.00023726582385276602
    y: -0.0014143635182220619
    z: 0.00077032887752648271
  orientation:
    x: 0.0027834792759812016
    y: 0.0011974175076485292
    z: 0.00021014130842267879
    w: 0.99999538712689218
