header:
  stamp:
    sec: 1751068812
    nanosec: 637473895
  frame_id: grasp_link
pose:
  position:
    x: 0.0044573453303188414
    y: -0.13097696881045176
    z: 2.6666315031744841
  orientation:
    x: 0.99972949213923645
    y: -0.00065933110016789783
    z: 0.019209212349364055
    w: -0.013096335000380191
