header:
  stamp:
    sec: 1751664116
    nanosec: 971296455
  frame_id: grasp_link
pose:
  position:
    x: -0.0012026566767286116
    y: 0.0011842237685977936
    z: -0.0045351642284888749
  orientation:
    x: 0.025488396191637445
    y: -0.0086206553435623969
    z: -0.0036479276627183381
    w: 0.99963129131935102
