header:
  stamp:
    sec: 1751065668
    nanosec: 946839184
  frame_id: world
pose:
  position:
    x: -1.2493824144296841
    y: 0.60860384264658829
    z: -2.4745548229660286
  orientation:
    x: -0.0087626327883352159
    y: 0.013846737148114035
    z: 0.99986573235873821
    w: -3.7305390203535691e-05
