header:
  stamp:
    sec: 1751071042
    nanosec: 600341405
  frame_id: grasp_link
pose:
  position:
    x: -0.0001156338952524919
    y: -0.00089283782738046476
    z: -0.006454943702597693
  orientation:
    x: 0.0092843217383225592
    y: -0.035218094563879809
    z: -0.00098148382866540258
    w: 0.99933604151688782
