header:
  stamp:
    sec: 1751323410
    nanosec: 834853931
  frame_id: grasp_link
pose:
  position:
    x: -2.757284177282225e-06
    y: -0.0012673377276413453
    z: 0.001192316741579158
  orientation:
    x: 0.016432997142842035
    y: -0.0086613972433593183
    z: -0.0013166333528253857
    w: 0.99982658660355195
