header:
  stamp:
    sec: 1751071044
    nanosec: 279980695
  frame_id: grasp_link
pose:
  position:
    x: 8.1143881700621034e-05
    y: -0.001057542933714936
    z: -0.0028824778626767023
  orientation:
    x: 0.0041951278490598154
    y: -0.017411441048566612
    z: 0.00077673964502805433
    w: 0.99983930673807098
