header:
  stamp:
    sec: 1751664118
    nanosec: 491018414
  frame_id: grasp_link
pose:
  position:
    x: -0.00076306218619719471
    y: 0.0016686654214049753
    z: -0.0045006189902999649
  orientation:
    x: -0.0012153661510981163
    y: -0.00034519811815034526
    z: 0.00010364478802821533
    w: 0.99999919649024516
