header:
  stamp:
    sec: 1751068814
    nanosec: 165726134
  frame_id: grasp_link
pose:
  position:
    x: 0.0037281313411676731
    y: -0.22082094227545279
    z: 4.0208513056854871
  orientation:
    x: 0.99890131365224133
    y: -0.0019439036897732278
    z: 0.0028666864464173491
    w: -0.046735093143049355
