header:
  stamp:
    sec: 1751071340
    nanosec: 608138635
  frame_id: grasp_link
pose:
  position:
    x: 0.0011323960103198916
    y: -0.0012832683924333937
    z: -0.00092977318563958189
  orientation:
    x: -0.0010193253306341392
    y: -5.9481918281738486e-05
    z: -0.00068618113233217962
    w: 0.99999924329632639
