header:
  stamp:
    sec: 1751379503
    nanosec: 566755024
  frame_id: grasp_link
pose:
  position:
    x: 0.0011289673005701051
    y: -0.0012836179084463491
    z: -0.00092884172320184533
  orientation:
    x: -0.0010211770480107202
    y: -6.2612713919333972e-05
    z: -0.00068929922092138924
    w: 0.99999923907154475
