header:
  stamp:
    sec: 1751071346
    nanosec: 314876173
  frame_id: grasp_link
pose:
  position:
    x: -0.0016693188780888546
    y: -0.00099337024491140792
    z: -0.0020161296254748162
  orientation:
    x: -0.0010784986962551063
    y: 0.00063400557945694227
    z: 0.00073584498122370085
    w: 0.99999894670427081
