header:
  stamp:
    sec: 1751379509
    nanosec: 168566414
  frame_id: grasp_link
pose:
  position:
    x: -0.0016677181627849924
    y: -0.00099153477547581212
    z: -0.0020139504333288594
  orientation:
    x: -0.0010921527164155238
    y: 0.0006336107480717577
    z: 0.00074286645400088356
    w: 0.99999892694407222
