header:
  stamp:
    sec: 1751071350
    nanosec: 691633012
  frame_id: grasp_link
pose:
  position:
    x: 0.029881611073048875
    y: 0.0010229333515779108
    z: -0.029674936102220162
  orientation:
    x: -0.0022790454003445764
    y: 0.00020949308939333884
    z: -0.00053548953200470352
    w: 0.9999972376540196
