header:
  stamp:
    sec: 1751379513
    nanosec: 589439983
  frame_id: grasp_link
pose:
  position:
    x: 0.0023423551799353071
    y: -0.00097254049999014134
    z: -0.0021620245124134296
  orientation:
    x: -0.0022763796491837296
    y: 0.00013764976578623452
    z: -0.00053151535135533923
    w: 0.99999725831607467
