header:
  stamp:
    sec: 1751379519
    nanosec: 86886962
  frame_id: grasp_link
pose:
  position:
    x: -0.0043662131753269828
    y: -0.0010037140156346574
    z: -0.0051429218722266468
  orientation:
    x: 0.0011356263110758671
    y: -0.0014137826204829004
    z: -0.00010993857734805255
    w: 0.99999834974118484
