header:
  stamp:
    sec: 1751071356
    nanosec: 191766940
  frame_id: grasp_link
pose:
  position:
    x: -0.0043597665657444939
    y: -0.0010032916502196016
    z: -0.0051528032723652251
  orientation:
    x: 0.0011168609526868959
    y: -0.0013961143576845746
    z: -9.7262569906117163e-05
    w: 0.99999839701186788
