header:
  stamp:
    sec: 1751379523
    nanosec: 665090177
  frame_id: grasp_link
pose:
  position:
    x: 0.0047858608964078675
    y: -0.0014268194202304645
    z: -0.0046827781088624176
  orientation:
    x: 0.0051863096126974935
    y: -0.0016795476754398911
    z: 0.0025206752782454748
    w: 0.99998196359151847
