header:
  stamp:
    sec: 1751071360
    nanosec: 823252098
  frame_id: grasp_link
pose:
  position:
    x: 0.0048225361055969085
    y: -0.0014306630508793762
    z: -0.0047069995374269258
  orientation:
    x: 0.005407310043404407
    y: -0.0017745400202135429
    z: 0.0025428265742861575
    w: 0.99998057283070463
