header:
  stamp:
    sec: 1751071366
    nanosec: 923731105
  frame_id: grasp_link
pose:
  position:
    x: 0.0019092148726037039
    y: -0.001664078585581969
    z: 0.0020324181913269346
  orientation:
    x: 0.0018494230562408028
    y: -8.5704254622226574e-05
    z: 0.00034994149200100568
    w: 0.99999822491347068
