header:
  stamp:
    sec: 1751379529
    nanosec: 771717179
  frame_id: grasp_link
pose:
  position:
    x: 0.0019168596888143874
    y: -0.0016601624009017319
    z: 0.0020387724880667202
  orientation:
    x: 0.0017168428506794866
    y: -4.271082736915738e-05
    z: 0.00037201991245772707
    w: 0.99999845611260629
