header:
  stamp:
    sec: 1751379267
    nanosec: 275174191
  frame_id: grasp_link
pose:
  position:
    x: 4.5738510162122482e-05
    y: -0.0010040502396836601
    z: -0.0014883981626423459
  orientation:
    x: 0.00025430325733757008
    y: -0.00095901815555610712
    z: 0.00017263509275997042
    w: 0.99999949290544932
