header:
  stamp:
    sec: 1751379269
    nanosec: 153693489
  frame_id: grasp_link
pose:
  position:
    x: 0.00029225436811046917
    y: -0.0011084316078794499
    z: -0.0026682328776042041
  orientation:
    x: 0.0037355044160975212
    y: 0.001945014257798648
    z: 0.00024283039389202295
    w: 0.9999911019402592
