header:
  stamp:
    sec: 1751379270
    nanosec: 883471590
  frame_id: grasp_link
pose:
  position:
    x: -0.00013759391986537249
    y: -0.0010827162207307723
    z: -0.0024867328841198244
  orientation:
    x: 0.0051006738115111881
    y: 0.00029907699466330545
    z: 3.1069085136840506e-05
    w: 0.99998694627196594
