header:
  stamp:
    sec: 1751379272
    nanosec: 563523549
  frame_id: grasp_link
pose:
  position:
    x: 0.00010387430022866561
    y: -0.00087504079747181807
    z: -0.0035724228282755233
  orientation:
    x: 0.0014398755789006856
    y: 0.0091698311540583301
    z: 0.00053205816197597513
    w: 0.99995677800044713
