header:
  stamp:
    sec: 1751379274
    nanosec: 181603742
  frame_id: grasp_link
pose:
  position:
    x: 0.00025038054912632517
    y: -0.0011695273830576432
    z: -0.0028948166756862515
  orientation:
    x: 0.0070585837094047426
    y: 0.012110371884227028
    z: 0.00026524452181105794
    w: 0.999901717637382
