header:
  stamp:
    sec: 1751379275
    nanosec: 766932969
  frame_id: grasp_link
pose:
  position:
    x: -0.00021239219971098494
    y: -0.0016161915818211441
    z: 0.0011076906924623042
  orientation:
    x: 0.078491998884292868
    y: -0.022264943760732119
    z: 0.0011539536635944386
    w: 0.9966654136576738
