header:
  stamp:
    sec: 1751663975
    nanosec: 79737256
  frame_id: grasp_link
pose:
  position:
    x: -0.00062055566138898162
    y: 0.0012399130677192283
    z: -0.0012911543921900748
  orientation:
    x: 0.0020959563923302763
    y: 0.00032586333787578092
    z: -5.7843447059051232e-05
    w: 0.999997748714477
