header:
  stamp:
    sec: 1751070867
    nanosec: 506629324
  frame_id: grasp_link
pose:
  position:
    x: 0.00026480315116587504
    y: -0.0012686290057065282
    z: -0.00096510470319544073
  orientation:
    x: -0.00024777103707522997
    y: 1.4607065033763096e-05
    z: 5.2525978748893438e-05
    w: 0.9999999678185838
