header:
  stamp:
    sec: 1751065363
    nanosec: 441141049
  frame_id: world
pose:
  position:
    x: 1.7499218155471632
    y: 0.75130705165814815
    z: -0.41354536422294158
  orientation:
    x: 0.0009068114333458581
    y: 0.0011288706105809412
    z: 0.99999894084772878
    w: 0.00014713119831344143
