header:
  stamp:
    sec: 1751068628
    nanosec: 526240089
  frame_id: grasp_link
pose:
  position:
    x: 0.00089653730757712716
    y: 0.0047832646949731925
    z: 0.5983328223629808
  orientation:
    x: 0.99999850538240176
    y: -0.00033907783263273264
    z: -0.0009956416304006243
    w: 0.0013722087777654909
