header:
  stamp:
    sec: 1751323265
    nanosec: 466520031
  frame_id: grasp_link
pose:
  position:
    x: 0.00019699330777221431
    y: -0.0011722371861548969
    z: -0.00030640648782143121
  orientation:
    x: -0.00064513158565654546
    y: -4.5217445396041356e-05
    z: -0.0001557922729285975
    w: 0.99999977874466939
