header:
  stamp:
    sec: 1751065365
    nanosec: 341172894
  frame_id: world
pose:
  position:
    x: 1.000290236011889
    y: 0.72731646169096931
    z: -0.75693102983866822
  orientation:
    x: -0.0014866878183294179
    y: 0.0019548029426755074
    z: 0.99999694079756529
    w: 0.00029478856332617047
