header:
  stamp:
    sec: 1751663976
    nanosec: 956465662
  frame_id: grasp_link
pose:
  position:
    x: -0.00069180250016515467
    y: 0.0018412384921880417
    z: -0.0028904952942286899
  orientation:
    x: -0.0019090803187079893
    y: 1.2550479089208126e-05
    z: 3.0392724185647877e-05
    w: 0.99999817716389094
