header:
  stamp:
    sec: 1751070868
    nanosec: 981839151
  frame_id: grasp_link
pose:
  position:
    x: 0.00022280916173541437
    y: -0.00091802596270069764
    z: -0.0016667734206811113
  orientation:
    x: 0.00021096334816835783
    y: 0.0037257201008155205
    z: -0.00017168523753724151
    w: 0.99999302248984479
