header:
  stamp:
    sec: 1751068630
    nanosec: 55874155
  frame_id: grasp_link
pose:
  position:
    x: 0.00080486537233631292
    y: -0.017543567971083682
    z: 0.94263692916568198
  orientation:
    x: 0.99999233040955948
    y: -0.00024610058710709191
    z: 0.00061046541101721953
    w: -0.0038608144919586944
