header:
  stamp:
    sec: 1751323267
    nanosec: 253166133
  frame_id: grasp_link
pose:
  position:
    x: 0.00020525458395053483
    y: -0.0012332357778328243
    z: -0.0004027459247960552
  orientation:
    x: -0.00010786491409771599
    y: 0.0005688245375807578
    z: -6.4176762134076786e-05
    w: 0.99999983034256001
