header:
  stamp:
    sec: 1751070870
    nanosec: 512227661
  frame_id: grasp_link
pose:
  position:
    x: -0.00016370188445178138
    y: 0.001099428140205331
    z: -0.033029157926867225
  orientation:
    x: 0.0060072979135591866
    y: -0.0051265689004509462
    z: -0.0001336065900316534
    w: 0.99996880591964765
