header:
  stamp:
    sec: 1751065367
    nanosec: 241130381
  frame_id: world
pose:
  position:
    x: 0.25052067731709871
    y: 0.70313284668013765
    z: -1.1004272416879304
  orientation:
    x: -0.0050995930000578412
    y: 0.0046874814424836811
    z: 0.9999760042090956
    w: -0.00011258317389555994
