header:
  stamp:
    sec: 1751068631
    nanosec: 581206210
  frame_id: grasp_link
pose:
  position:
    x: 0.001926382474329922
    y: -0.040214545061627999
    z: 1.2846929381587588
  orientation:
    x: 0.99994997432380384
    y: 0.00045325194804824814
    z: 0.0085553140509142308
    w: -0.0051623651542773274
