header:
  stamp:
    sec: 1751323270
    nanosec: 358359606
  frame_id: grasp_link
pose:
  position:
    x: -2.2495011706065107e-05
    y: -0.0012521243738144274
    z: -0.00050846590103981182
  orientation:
    x: -0.00045521806457658151
    y: -0.00056630975264318733
    z: 6.9987472407145323e-05
    w: 0.99999973358573047
