header:
  stamp:
    sec: 1751663978
    nanosec: 683091002
  frame_id: grasp_link
pose:
  position:
    x: -0.0010822196695901897
    y: 0.001588133923499325
    z: -0.0043374749281709368
  orientation:
    x: -0.0012056163578302314
    y: -0.00017671019615509611
    z: 2.3356705519627161e-05
    w: 0.99999925735830864
