header:
  stamp:
    sec: 1751065368
    nanosec: 941027013
  frame_id: world
pose:
  position:
    x: -0.4994773849514757
    y: 0.65570415824328654
    z: -1.7882179194126473
  orientation:
    x: -0.013800249246094902
    y: 0.0018549435728777682
    z: 0.99990243513718302
    w: -0.0011101854883801929
