header:
  stamp:
    sec: 1751070872
    nanosec: 93565191
  frame_id: grasp_link
pose:
  position:
    x: -2.7842431203404508e-05
    y: -0.0011222081400663678
    z: -0.003117018498129176
  orientation:
    x: 0.0019080162452426372
    y: -0.0084319469251127061
    z: -6.6648247910343285e-05
    w: 0.99996262795320046
