header:
  stamp:
    sec: 1751323272
    nanosec: 146546003
  frame_id: grasp_link
pose:
  position:
    x: 2.0116357679757078e-05
    y: -0.0010794895850733911
    z: -0.00014820076844312968
  orientation:
    x: -0.0057211389506198283
    y: -0.00058220238547455113
    z: 0.00015298218446220443
    w: 0.9999834529660685
