header:
  stamp:
    sec: 1751663980
    nanosec: 363072340
  frame_id: grasp_link
pose:
  position:
    x: -0.00088990994956517522
    y: 0.0020281846581268487
    z: 0.0019701181345432861
  orientation:
    x: -0.0012177623095018901
    y: -0.0002661242777283933
    z: 0.0040613812313196338
    w: 0.99999097566694084
