header:
  stamp:
    sec: 1751068633
    nanosec: 54128962
  frame_id: grasp_link
pose:
  position:
    x: 0.0036673785251261576
    y: -0.08621611071602428
    z: 1.9707962845507083
  orientation:
    x: 0.99988368941669636
    y: -0.00041545381312170775
    z: 0.01500054086293341
    w: 0.0027237493284321397
