header:
  stamp:
    sec: 1751065370
    nanosec: 740925873
  frame_id: world
pose:
  position:
    x: -1.249184780998515
    y: 0.60873953428210525
    z: -2.4750908560922049
  orientation:
    x: -0.0091276978629873506
    y: 0.016586788864690002
    z: 0.99982075703521611
    w: -0.00013178925457614149
