header:
  stamp:
    sec: 1751663981
    nanosec: 988021970
  frame_id: grasp_link
pose:
  position:
    x: -0.00075916343667162408
    y: 0.0013843946613305508
    z: -0.008093214714184116
  orientation:
    x: -0.0012186563398988084
    y: -0.00032725400970602583
    z: -0.005278227586114884
    w: 0.99998527393911518
