header:
  stamp:
    sec: 1751068634
    nanosec: 532668259
  frame_id: grasp_link
pose:
  position:
    x: 0.0044037824606873895
    y: -0.13095975449875175
    z: 2.6664270362578533
  orientation:
    x: 0.99973179226753961
    y: -0.00063307522034830642
    z: 0.019155592002311591
    w: -0.013000232318675252
