header:
  stamp:
    sec: 1751323273
    nanosec: 874771591
  frame_id: grasp_link
pose:
  position:
    x: 0.00023297232064187001
    y: -0.0014185774523964522
    z: 0.00078724576505384558
  orientation:
    x: 0.0028123013047064481
    y: 0.0012104642051104385
    z: 0.00021580046021139369
    w: 0.99999528957287664
