header:
  stamp:
    sec: 1751070873
    nanosec: 708990791
  frame_id: grasp_link
pose:
  position:
    x: -0.00013817159506107472
    y: -0.00089029154238822426
    z: -0.0064535984744115149
  orientation:
    x: 0.0093082578362944333
    y: -0.035288304892714319
    z: -0.00098970997664627131
    w: 0.99933333395219748
