header:
  stamp:
    sec: 1751070875
    nanosec: 403294470
  frame_id: grasp_link
pose:
  position:
    x: 7.2738341796415966e-05
    y: -0.0010595614700882054
    z: -0.0028774024965839695
  orientation:
    x: 0.0046734480947714574
    y: -0.017937334704888959
    z: 0.00074611255821825553
    w: 0.99982791230423296
