header:
  stamp:
    sec: 1751323275
    nanosec: 451438689
  frame_id: grasp_link
pose:
  position:
    x: 2.6193856597344256e-05
    y: -0.0013266669637372983
    z: 0.0021988057336301825
  orientation:
    x: 0.0078774505038720806
    y: -0.0031360776090185124
    z: -4.010978612119908e-05
    w: 0.99996405394493748
