header:
  stamp:
    sec: 1751663983
    nanosec: 459609723
  frame_id: grasp_link
pose:
  position:
    x: -0.00095103628825394452
    y: 0.0016380483734903949
    z: -0.0044865177334426631
  orientation:
    x: -0.001206622570394998
    y: -0.00033917984749835573
    z: 0.00018511164911356185
    w: 0.99999919737601839
