header:
  stamp:
    sec: 1751068636
    nanosec: 61004896
  frame_id: grasp_link
pose:
  position:
    x: 0.003556371502829381
    y: -0.22066538793815754
    z: 4.02046190645782
  orientation:
    x: 0.99875463497443651
    y: -0.001898746670862414
    z: 0.0020570650474529247
    w: -0.049813074202970355
