header:
  stamp:
    sec: 1751379297
    nanosec: 280754559
  frame_id: grasp_link
pose:
  position:
    x: 8.0216723603127862e-05
    y: -0.001168910138371477
    z: -0.0014214473654209359
  orientation:
    x: 0.0014508034014396687
    y: 0.00030905153864682026
    z: -1.2523664650330277e-05
    w: 0.99999889974929201
