header:
  stamp:
    sec: 1751379299
    nanosec: 168687304
  frame_id: grasp_link
pose:
  position:
    x: 0.00022400064529680798
    y: -0.0012154427528200461
    z: -0.0028834143026078562
  orientation:
    x: 0.0052294643811172711
    y: 0.0016387112252086275
    z: 0.00010075867694819344
    w: 0.99998497847492507
