header:
  stamp:
    sec: 1751379300
    nanosec: 897322550
  frame_id: grasp_link
pose:
  position:
    x: -0.00011891054655711281
    y: -0.0010465508539834246
    z: -0.0023093314839484069
  orientation:
    x: 0.0039001163622792664
    y: 0.00058815753979103323
    z: 0.00022571958075319525
    w: 0.99999219607641954
