header:
  stamp:
    sec: 1751379302
    nanosec: 580090442
  frame_id: grasp_link
pose:
  position:
    x: 4.7095369224875699e-05
    y: -0.00086700012747208035
    z: -0.0034831782306665726
  orientation:
    x: 0.0002667126836348131
    y: 0.0073345025798595342
    z: 0.00045324616021006665
    w: 0.99997296388660872
