header:
  stamp:
    sec: 1751379304
    nanosec: 157320209
  frame_id: grasp_link
pose:
  position:
    x: 0.0002652449000664711
    y: -0.0011516444590626365
    z: -0.0029394773696433951
  orientation:
    x: 0.0065513159365453615
    y: 0.011871182960838715
    z: 0.00020168904609047623
    w: 0.99990805307095032
