header:
  stamp:
    sec: 1751379305
    nanosec: 780218737
  frame_id: grasp_link
pose:
  position:
    x: -0.00022142025155649677
    y: -0.0016170132903913913
    z: 0.001111885877513652
  orientation:
    x: 0.078605573148212676
    y: -0.022091993476267172
    z: 0.0011495515381588217
    w: 0.99666031636939711
