header:
  stamp:
    sec: 1751379237
    nanosec: 249003444
  frame_id: grasp_link
pose:
  position:
    x: 5.2773901533800186e-05
    y: -0.0010153005190328183
    z: -0.0014846312427031494
  orientation:
    x: 0.00025569349797286204
    y: -0.00095796554360351915
    z: 0.00012191864329848252
    w: 0.99999950102922397
