header:
  stamp:
    sec: 1751379239
    nanosec: 180322702
  frame_id: grasp_link
pose:
  position:
    x: 0.00010443293843032563
    y: -0.001184404950675959
    z: -0.002618982438385653
  orientation:
    x: 0.0046693222962489811
    y: 0.0017509363985662111
    z: 4.6971216839349392e-06
    w: 0.99998756573717407
