header:
  stamp:
    sec: 1751379240
    nanosec: 855245447
  frame_id: grasp_link
pose:
  position:
    x: -0.00017601380314861457
    y: -0.00097242772533322978
    z: -0.0027412538032099976
  orientation:
    x: 0.0040907450188991112
    y: -0.00099514674493686667
    z: -0.00022419409682998111
    w: 0.99999111257308371
