header:
  stamp:
    sec: 1751379242
    nanosec: 582789927
  frame_id: grasp_link
pose:
  position:
    x: 0.00010388634675288311
    y: -0.00080861917761285737
    z: -0.0035764563982720876
  orientation:
    x: -0.00082114471972533521
    y: 0.010638321441673343
    z: 0.00060487995503715353
    w: 0.99994289134854741
