header:
  stamp:
    sec: 1751379244
    nanosec: 166876229
  frame_id: grasp_link
pose:
  position:
    x: 0.00028422987347365624
    y: -0.0011625075570056583
    z: -0.0029031997281596666
  orientation:
    x: 0.0069679701841447979
    y: 0.012088036766392205
    z: 0.00026423836063069639
    w: 0.99990262372729888
