header:
  stamp:
    sec: 1751379245
    nanosec: 795177858
  frame_id: grasp_link
pose:
  position:
    x: -0.00024698337833381972
    y: -0.0015938234207727902
    z: 0.00090200962433750753
  orientation:
    x: 0.076093484211662149
    y: -0.024073521407963972
    z: 0.0013056418277922776
    w: 0.99680918059925971
