header:
  stamp:
    sec: 1751379542
    nanosec: 288402797
  frame_id: grasp_link
pose:
  position:
    x: 0.0011442713718491371
    y: -0.0012615509765651731
    z: -0.00094377208510643129
  orientation:
    x: -0.0010640127866225837
    y: -7.6708978162909583e-05
    z: -0.00070672913208823089
    w: 0.999999181262893
