header:
  stamp:
    sec: 1751071395
    nanosec: 722645643
  frame_id: grasp_link
pose:
  position:
    x: 0.001127474749944346
    y: -0.0012833834466628965
    z: -0.00092367063012088746
  orientation:
    x: -0.0010189395361347364
    y: -6.1015121058940803e-05
    z: -0.0006871589955383011
    w: 0.99999924292565923
