header:
  stamp:
    sec: 1751379547
    nanosec: 886797795
  frame_id: grasp_link
pose:
  position:
    x: -0.0017046460500231841
    y: -0.00098157980881872922
    z: -0.0019737945000284363
  orientation:
    x: -0.0011457840734363331
    y: 0.00069115650857829944
    z: 0.00075639481499922411
    w: 0.99999881867351315
