header:
  stamp:
    sec: 1751071401
    nanosec: 376590153
  frame_id: grasp_link
pose:
  position:
    x: -0.0016595115324227194
    y: -0.00099465905087563916
    z: -0.0020229361989658745
  orientation:
    x: -0.0010811593413396416
    y: 0.00063582591715790357
    z: 0.00073765380084306364
    w: 0.99999894134281553
