header:
  stamp:
    sec: 1751071405
    nanosec: 911508417
  frame_id: grasp_link
pose:
  position:
    x: 0.029846995433935652
    y: 0.0010216544631125081
    z: -0.029679000626333774
  orientation:
    x: -0.0022549673072968725
    y: 0.00010521076001110858
    z: -0.00052630830304671149
    w: 0.99999731352274601
