header:
  stamp:
    sec: 1751379552
    nanosec: 366731877
  frame_id: grasp_link
pose:
  position:
    x: 0.0023015775242861691
    y: -0.00097633156129897495
    z: -0.0021798572464970523
  orientation:
    x: -0.0022651203173196612
    y: 9.5992428191288604e-05
    z: -0.0005367477952947906
    w: 0.99999728595491999
