header:
  stamp:
    sec: 1751379557
    nanosec: 857376962
  frame_id: grasp_link
pose:
  position:
    x: -0.0043845638543684728
    y: -0.0010015455314389778
    z: -0.0051767995959269841
  orientation:
    x: 0.0011537141967932309
    y: -0.0014091589818323259
    z: -0.00011875484823191958
    w: 0.99999833455451437
