header:
  stamp:
    sec: 1751071411
    nanosec: 511405640
  frame_id: grasp_link
pose:
  position:
    x: -0.0043672356616222263
    y: -0.0010015738314124892
    z: -0.0051550323222703254
  orientation:
    x: 0.0011146135075489625
    y: -0.0013765553196464747
    z: -0.00011473201400614008
    w: 0.99999842478313228
