header:
  stamp:
    sec: 1751071415
    nanosec: 983461277
  frame_id: grasp_link
pose:
  position:
    x: 0.0052964627939446896
    y: -0.0013429484917768279
    z: -0.0052197599086590829
  orientation:
    x: 0.004436504726710316
    y: -0.0021394539023571234
    z: 0.0015524503546980764
    w: 0.99998666494144095
