header:
  stamp:
    sec: 1751379562
    nanosec: 386721281
  frame_id: grasp_link
pose:
  position:
    x: 0.0053360959078215808
    y: -0.001340729249669515
    z: -0.005177331109129657
  orientation:
    x: 0.004469833526635306
    y: -0.0021028965355791734
    z: 0.0014966043564545127
    w: 0.99998667920618067
