header:
  stamp:
    sec: 1751379568
    nanosec: 448516955
  frame_id: grasp_link
pose:
  position:
    x: 0.0019373122190770031
    y: -0.0016646036598263224
    z: 0.0020119297493135235
  orientation:
    x: 0.0017950772856954269
    y: -7.8399644755840195e-05
    z: 0.00037981944016910845
    w: 0.99999831364269165
