header:
  stamp:
    sec: 1751071422
    nanosec: 88335661
  frame_id: grasp_link
pose:
  position:
    x: 0.0020103356404238548
    y: -0.0016674586315473306
    z: 0.0020929364631977476
  orientation:
    x: 0.0016213988404531132
    y: -7.7702033600274333e-05
    z: 0.00036243171252634942
    w: 0.99999861683476754
