header:
  stamp:
    sec: 1731863598
    nanosec: 910286778
  frame_id: tool0
pose:
  position:
    x: -0.67017489982072043
    y: 3.2648320133261171e-05
    z: -0.21410883394395633
  orientation:
    x: 0.88180756822155204
    y: -6.3496565267676705e-05
    z: 0.47160938122957541
    w: -1.1473274108901704e-05