header:
  stamp:
    sec: 1736110686
    nanosec: 32573000
  frame_id: world
pose:
  position:
    x: -0.18573307991027832
    y: 0.0037446753121912479
    z: 0.36070221662521362
  orientation:
    x: 0.00019979173269462342
    y: 0.20791358031915227
    z: -0.0018835711780756951
    w: 0.97814727367841525