header:
  stamp:
    sec: 1751323418
    nanosec: 171501583
  frame_id: grasp_link
pose:
  position:
    x: 0.00019052381855378872
    y: -0.0011728201533289563
    z: -0.00031306351198912008
  orientation:
    x: -0.00063567083605898611
    y: -5.860690769580366e-05
    z: -0.00015866949921931422
    w: 0.99999978365588083
