header:
  stamp:
    sec: 1751071056
    nanosec: 593453075
  frame_id: grasp_link
pose:
  position:
    x: 0.00026360928275154249
    y: -0.0013155565608661546
    z: -0.0015770653451796512
  orientation:
    x: 0.0013406139090654801
    y: -0.00049707214125274256
    z: -0.00018111031197805106
    w: 0.99999896143580469
