header:
  stamp:
    sec: 1751664148
    nanosec: 459563457
  frame_id: grasp_link
pose:
  position:
    x: -0.0010698573707825462
    y: 0.0016198788058194268
    z: -0.0018087312847203663
  orientation:
    x: 0.00048519646459533851
    y: 0.00018892256024982581
    z: 0.00022169688249823032
    w: 0.99999983987156194
