header:
  stamp:
    sec: 1751068823
    nanosec: 173939475
  frame_id: grasp_link
pose:
  position:
    x: 0.0010008806275300288
    y: 0.004733660719606278
    z: 0.59830704532514001
  orientation:
    x: 0.99999839482705022
    y: -0.00042372194758853233
    z: -0.00090280201665107296
    w: 0.0014885400743246517
