header:
  stamp:
    sec: 1751065678
    nanosec: 646460704
  frame_id: world
pose:
  position:
    x: 1.7498980259322325
    y: 0.75128903864538221
    z: -0.41352713836142263
  orientation:
    x: 0.00082988754977889533
    y: 0.0011214444255099603
    z: 0.99999901615555709
    w: 0.00014607180789536877
