header:
  stamp:
    sec: 1751664150
    nanosec: 289741924
  frame_id: grasp_link
pose:
  position:
    x: -0.00075558152713846663
    y: 0.0010756346123108578
    z: -0.001191822214751892
  orientation:
    x: 0.0053467117692108431
    y: -1.747054904642987e-06
    z: 9.5263888540185669e-05
    w: 0.99998570169527734
