header:
  stamp:
    sec: 1751065680
    nanosec: 429710720
  frame_id: world
pose:
  position:
    x: 1.0002600073407244
    y: 0.72737927693204818
    z: -0.7568841227754286
  orientation:
    x: -0.0016338917485470156
    y: 0.0024945988233910708
    z: 0.99999552778236567
    w: 0.00022757357620661268
