header:
  stamp:
    sec: 1751323419
    nanosec: 946624992
  frame_id: grasp_link
pose:
  position:
    x: 0.00016153841834234099
    y: -0.0012455157817773137
    z: -0.00044365493225806407
  orientation:
    x: -0.00013883862269499871
    y: -3.3759284534880527e-05
    z: -1.4535602937474173e-05
    w: 0.999999989686432
