header:
  stamp:
    sec: 1751068824
    nanosec: 554080572
  frame_id: grasp_link
pose:
  position:
    x: 0.00018995429135659542
    y: -0.017402878964526844
    z: 0.9426394169787613
  orientation:
    x: 0.99999660336551344
    y: 0.00021525871446859452
    z: 0.00043983898451986522
    w: -0.0025599732009429013
