header:
  stamp:
    sec: 1751071058
    nanosec: 118735962
  frame_id: grasp_link
pose:
  position:
    x: 0.00017616258292940017
    y: -0.00090840728535685486
    z: -0.0016428724563132269
  orientation:
    x: 0.00014411937314603453
    y: 0.0037485373807745435
    z: -0.0002058561844241162
    w: 0.99999294263526828
