header:
  stamp:
    sec: 1751065682
    nanosec: 329648094
  frame_id: world
pose:
  position:
    x: 0.25044923420137605
    y: 0.70310739919536103
    z: -1.1004786185359727
  orientation:
    x: -0.0051665860252184791
    y: 0.0046158188594166644
    z: 0.99997599241830715
    w: -0.00012325632947089577
