header:
  stamp:
    sec: 1751068826
    nanosec: 30925246
  frame_id: grasp_link
pose:
  position:
    x: 0.0019084163292798898
    y: -0.040232264779866383
    z: 1.2846533881837694
  orientation:
    x: 0.99995041518244088
    y: 0.00045148952889010176
    z: 0.008614054672911698
    w: -0.0049760823708540174
