header:
  stamp:
    sec: 1751071059
    nanosec: 596683277
  frame_id: grasp_link
pose:
  position:
    x: -0.00015099769743666348
    y: 0.0011003470299092903
    z: -0.033018689235633558
  orientation:
    x: 0.0058918014570700349
    y: -0.0050240056867276927
    z: -0.00011643187864964662
    w: 0.99997001579350775
