header:
  stamp:
    sec: 1751323421
    nanosec: 828082938
  frame_id: grasp_link
pose:
  position:
    x: -2.0203166668787437e-05
    y: -0.0010987409335895734
    z: -0.00037951882519760005
  orientation:
    x: -2.9361114817174345e-05
    y: -0.00077911258280639157
    z: 0.000562533092117499
    w: 0.99999953783890771
