header:
  stamp:
    sec: 1751664137
    nanosec: 61485425
  frame_id: grasp_link
pose:
  position:
    x: -0.00036047923000009658
    y: 0.0015759664415870981
    z: -0.0024435018211664827
  orientation:
    x: 0.00062785984934675485
    y: -0.00018279839531892719
    z: 6.7568961736909255e-05
    w: 0.99999978390557254
