header:
  stamp:
    sec: 1751071061
    nanosec: 123345028
  frame_id: grasp_link
pose:
  position:
    x: 7.5477706304240798e-05
    y: -0.0011114827692823069
    z: -0.0035394603398751778
  orientation:
    x: 0.0028937603184614534
    y: -0.0087211106021648707
    z: -2.3926061963586295e-05
    w: 0.99995778301317695
