header:
  stamp:
    sec: 1751664138
    nanosec: 789636471
  frame_id: grasp_link
pose:
  position:
    x: -0.00078941297332590856
    y: 0.0020290321882675865
    z: 0.0019644620100714993
  orientation:
    x: -0.0012192521631452366
    y: -0.00027087762919686533
    z: 0.0040507776576970004
    w: 0.99999101558456049
