header:
  stamp:
    sec: 1751068827
    nanosec: 557183243
  frame_id: grasp_link
pose:
  position:
    x: 0.0037393418926982358
    y: -0.086294069232946302
    z: 1.9705797857428435
  orientation:
    x: 0.9998898066855626
    y: -0.00034825363262536504
    z: 0.014383197889432339
    w: 0.0036574340990916106
