header:
  stamp:
    sec: 1751065684
    nanosec: 46983826
  frame_id: world
pose:
  position:
    x: -0.49948814372798717
    y: 0.65559452830895659
    z: -1.7896416094911416
  orientation:
    x: -0.012730978014963128
    y: 0.0025182950412386972
    z: 0.99991533689656853
    w: -0.00094838172160324188
