header:
  stamp:
    sec: 1751323423
    nanosec: 554984117
  frame_id: grasp_link
pose:
  position:
    x: -1.1145041466398812e-05
    y: -0.001090987322969776
    z: -0.00017497192622151214
  orientation:
    x: -0.0056817770848744623
    y: -0.00083346085774928269
    z: 0.00011513828739561177
    w: 0.99998350461161667
