header:
  stamp:
    sec: 1751065685
    nanosec: 729538507
  frame_id: world
pose:
  position:
    x: -1.2492762280178269
    y: 0.60860228640678726
    z: -2.4749808344797524
  orientation:
    x: -0.0088838332706551639
    y: 0.013994373337240818
    z: 0.99986260776450087
    w: -2.4813083250896649e-05
