header:
  stamp:
    sec: 1751068829
    nanosec: 30884306
  frame_id: grasp_link
pose:
  position:
    x: 0.0045828295391921736
    y: -0.13101176455721741
    z: 2.6669658396975531
  orientation:
    x: 0.99971691460766321
    y: -0.00068072249621226543
    z: 0.01971864656112382
    w: -0.013296700418342073
