header:
  stamp:
    sec: 1751323425
    nanosec: 277211757
  frame_id: grasp_link
pose:
  position:
    x: 0.00022801266942153956
    y: -0.0014182826394045171
    z: 0.00078340529498099887
  orientation:
    x: 0.0027226113772123766
    y: 0.0011313121496038191
    z: 0.00019383763528866906
    w: 0.99999563496401334
