header:
  stamp:
    sec: 1751664140
    nanosec: 368089180
  frame_id: grasp_link
pose:
  position:
    x: -0.0011823600379997209
    y: 0.0011852048362566061
    z: -0.0045358762405267594
  orientation:
    x: 0.025488023154934973
    y: -0.0086211289888227099
    z: -0.0036509938710799833
    w: 0.99963128555201053
