header:
  stamp:
    sec: 1751071062
    nanosec: 698552119
  frame_id: grasp_link
pose:
  position:
    x: -0.00010653449603787899
    y: -0.00089572759203555776
    z: -0.0064489226982715753
  orientation:
    x: 0.0094475796929793035
    y: -0.035026337193714549
    z: -0.00094812835744564569
    w: 0.99934128304266245
