header:
  stamp:
    sec: 1751664141
    nanosec: 997873965
  frame_id: grasp_link
pose:
  position:
    x: -0.00080750761312180252
    y: 0.00089596325035494083
    z: -0.007977836514529435
  orientation:
    x: 0.02279678286456013
    y: 0.027361038877608095
    z: -0.0049485721069016777
    w: 0.9993533868840726
