header:
  stamp:
    sec: 1751323426
    nanosec: 854848362
  frame_id: grasp_link
pose:
  position:
    x: -6.1250231160565839e-05
    y: -0.0012339754028493524
    z: 0.0012859138209143639
  orientation:
    x: 0.0062017419025070875
    y: -0.0044142182890542538
    z: -0.0006743603280432262
    w: 0.99997079872985239
