header:
  stamp:
    sec: 1751068830
    nanosec: 557060172
  frame_id: grasp_link
pose:
  position:
    x: 0.0036471374944580478
    y: -0.22074392825988814
    z: 4.0206300360463212
  orientation:
    x: 0.99881871186065707
    y: -0.0019004621404624265
    z: 0.0021059226174302099
    w: -0.048509114304424707
