header:
  stamp:
    sec: 1751071064
    nanosec: 371751903
  frame_id: grasp_link
pose:
  position:
    x: 8.2853660908382412e-05
    y: -0.0010585687135054539
    z: -0.0028371120216528212
  orientation:
    x: 0.0037301449517546199
    y: -0.01749386673692261
    z: 0.00078669922226744032
    w: 0.99983970302722192
