header:
  stamp:
    sec: 1751557212
    nanosec: 741722036
  frame_id: wrist_camera_optical_frame
pose:
  position:
    x: -0.0017977665917177088
    y: 0.0099831725883088307
    z: 0.67564903228855866
  orientation:
    x: 0.00072181478190675916
    y: 0.99961295456177468
    z: 0.01964931482524743
    w: -0.019680561033628075
