header:
  stamp:
    sec: 1776792366
    nanosec: 503885810
  frame_id: world
pose:
  position:
    x: 0.0059038400414055661
    y: 0.0004014985352150946
    z: 0.0094388297111560604
  orientation:
    x: 0.9999999290501933
    y: -2.7444724037834923e-05
    z: -7.1528617156919601e-05
    w: -0.00036882252203945039
