header:
  stamp:
    sec: 0
    nanosec: 0
  frame_id: world
pose:
  position:
    x: -0.002857807634489784
    y: -0.0308536714978358
    z: 0.053855461782444602
  orientation:
    x: 0.020188206409710769
    y: 0.0019289512194265853
    z: -0.00065173067145499837
    w: 0.99979412416571234
