header:
  stamp:
    sec: 1751071760
    nanosec: 110697767
  frame_id: grasp_link
pose:
  position:
    x: 0.00019595788070479546
    y: -0.0011242008128785137
    z: -0.00053178397144471035
  orientation:
    x: -0.00070307624863924425
    y: 5.5020866055436823e-05
    z: 4.9589048426731208e-05
    w: 0.99999975009867859
