header:
  stamp:
    sec: 1751066617
    nanosec: 762804862
  frame_id: world
pose:
  position:
    x: 1.7485437262804382
    y: 0.75116045554789257
    z: -0.41358420518811478
  orientation:
    x: -0.00014697507917154883
    y: -0.00038521384565393335
    z: 0.99999981123029302
    w: 0.00045557436021392215
