header:
  stamp:
    sec: 1751069200
    nanosec: 635614746
  frame_id: grasp_link
pose:
  position:
    x: 3.8222422545325201e-07
    y: 0.004537285771999966
    z: 0.84794705408250493
  orientation:
    x: 0.9236130345964364
    y: -0.00024832265048399082
    z: 0.38331671316417743
    w: 0.0026829216229515155
