header:
  stamp:
    sec: 1751464962
    nanosec: 43019804
  frame_id: grasp_link
pose:
  position:
    x: 0.0011011814961948696
    y: -0.0012709594289874759
    z: -0.00089067553270405497
  orientation:
    x: -0.0011631358844308253
    y: -1.7515518630221032e-05
    z: -0.00075896532805847612
    w: 0.99999903538941071
