header:
  stamp:
    sec: 1751464976
    nanosec: 56331691
  frame_id: grasp_link
pose:
  position:
    x: -0.0017903730038080212
    y: -0.00097434091025930822
    z: -0.0019759769757250467
  orientation:
    x: -0.00041378626106841653
    y: 0.00043505574377617639
    z: 0.00056850516155657516
    w: 0.99999965815459735
