header:
  stamp:
    sec: 1751069205
    nanosec: 930623272
  frame_id: grasp_link
pose:
  position:
    x: 0.10283107137163029
    y: -0.01874453129585206
    z: 1.2112462209037216
  orientation:
    x: 0.92426299808738399
    y: 0.00029525334196882656
    z: -0.38174630415564154
    w: 0.0027536258810639189
