header:
  stamp:
    sec: 1751071762
    nanosec: 1001929
  frame_id: grasp_link
pose:
  position:
    x: 0.00018212446055407912
    y: -0.0010921665521271804
    z: -0.00035757796405189168
  orientation:
    x: -0.0010067509740898702
    y: -9.011415516779376e-06
    z: -4.3635828342634615e-05
    w: 0.99999949223346385
