header:
  stamp:
    sec: 1751664151
    nanosec: 969636426
  frame_id: grasp_link
pose:
  position:
    x: -0.00077110300678424936
    y: 0.0019569359772887186
    z: -0.0036488888168690892
  orientation:
    x: -0.0062946035989644841
    y: -0.00091796197744626489
    z: 0.00072828483985225192
    w: 0.99997950224618692
