header:
  stamp:
    sec: 1751483200
    nanosec: 363590869
  frame_id: grasp_link
pose:
  position:
    x: 0.027813370506236113
    y: 0.00031955105791544019
    z: -0.027660713254254454
  orientation:
    x: 0.0002202540466068468
    y: -0.00024770405579139701
    z: -0.00055905454826679765
    w: 0.99999978879441165
