header:
  stamp:
    sec: 1751069210
    nanosec: 460584419
  frame_id: grasp_link
pose:
  position:
    x: -0.00098144330964386895
    y: -0.041814162592664614
    z: 1.7840875698692542
  orientation:
    x: 0.92346992918464355
    y: -0.00097561363288757206
    z: 0.38365130422761157
    w: 0.0037436391655116049
