header:
  stamp:
    sec: 1751071763
    nanosec: 779384090
  frame_id: grasp_link
pose:
  position:
    x: 0.00012916570603549601
    y: 0.00065674070396064092
    z: -0.028886164764672762
  orientation:
    x: 0.00035584794446525357
    y: -0.00054080053494335732
    z: 0.00017217403606302559
    w: 0.9999997756315363
