header:
  stamp:
    sec: 1751069215
    nanosec: 954016065
  frame_id: grasp_link
pose:
  position:
    x: 0.208314116792159
    y: -0.087345771095105218
    z: 2.5221967400862941
  orientation:
    x: 0.92340912873388481
    y: -7.7756160536324826e-05
    z: -0.38381587263247507
    w: 0.00097511039325100289
