header:
  stamp:
    sec: 1751465001
    nanosec: 126315232
  frame_id: grasp_link
pose:
  position:
    x: -0.0043972204563245132
    y: -0.00096938966762854118
    z: -0.0053782260599768428
  orientation:
    x: 0.000761596101155281
    y: 0.0013831271723943293
    z: 0.00019704686480535473
    w: 0.999998734050767
