header:
  stamp:
    sec: 1751071765
    nanosec: 509239999
  frame_id: grasp_link
pose:
  position:
    x: 0.00014547918573167034
    y: -0.00099436171454979762
    z: 0.00051452096970272532
  orientation:
    x: -0.0069688141267175352
    y: 0.0060845373322107521
    z: -0.00038241155637414845
    w: 0.99995713297947009
