header:
  stamp:
    sec: 1751071767
    nanosec: 80961903
  frame_id: grasp_link
pose:
  position:
    x: 0.00020830257386562212
    y: -0.0014173615629356883
    z: 0.00097569011587461674
  orientation:
    x: 0.0030356716017277117
    y: 0.0012331975498350808
    z: 0.0002083128126028201
    w: 0.99999461024922631
