header:
  stamp:
    sec: 1751069220
    nanosec: 425776759
  frame_id: grasp_link
pose:
  position:
    x: 0.00097755662547238014
    y: -0.13141804733801718
    z: 3.6580837225381075
  orientation:
    x: 0.9235306153109013
    y: -0.00068181859178921512
    z: 0.38352404857699474
    w: -0.00020462156988230366
