header:
  stamp:
    sec: 1751465014
    nanosec: 551220437
  frame_id: grasp_link
pose:
  position:
    x: -0.0013423215461830784
    y: -0.0017210013095525271
    z: 0.0014645150826768649
  orientation:
    x: -0.00078329547776838458
    y: 0.00066761682804208477
    z: -0.00067938930897908534
    w: 0.99999923958277714
