header:
  stamp:
    sec: 1751069226
    nanosec: 730912532
  frame_id: grasp_link
pose:
  position:
    x: 0.41548993075368823
    y: -0.22006344847078868
    z: 5.0680084489261779
  orientation:
    x: 0.92381804392732558
    y: -0.00037222325450152747
    z: -0.38283166376980676
    w: 1.9477690415697297e-05
