header:
  stamp:
    sec: 1751071768
    nanosec: 704346684
  frame_id: grasp_link
pose:
  position:
    x: 0.00012331251921917529
    y: -0.0012863912635587421
    z: 0.0028814865864490447
  orientation:
    x: -0.0062708798650008687
    y: 0.0068780790795945476
    z: -0.00059582679791636822
    w: 0.9999565055962788
