header:
  stamp:
    sec: 1751465028
    nanosec: 569920783
  frame_id: grasp_link
pose:
  position:
    x: 0.0018916241865069572
    y: -0.0016596902976544954
    z: 0.002032995779161606
  orientation:
    x: 0.0018168988292015743
    y: -7.2366972328512361e-05
    z: 0.00033499839933470786
    w: 0.99999829070740831
