header:
  stamp:
    sec: 1751379581
    nanosec: 76670882
  frame_id: grasp_link
pose:
  position:
    x: 0.0011321609848318204
    y: -0.0012835606973306286
    z: -0.0009298655320199023
  orientation:
    x: -0.001019384096568115
    y: -5.9329927035953543e-05
    z: -0.00068631540222246199
    w: 0.99999924315330946
