header:
  stamp:
    sec: 1751071447
    nanosec: 383175888
  frame_id: grasp_link
pose:
  position:
    x: 0.0011313730084998586
    y: -0.0012844371420752184
    z: -0.0009301266375590922
  orientation:
    x: -0.0010195600254487916
    y: -5.888948080410625e-05
    z: -0.00068672005368429912
    w: 0.9999992427221891
