header:
  stamp:
    sec: 1751379586
    nanosec: 677055053
  frame_id: grasp_link
pose:
  position:
    x: -0.0016890342630088151
    y: -0.00098437226495356371
    z: -0.0020008505424083944
  orientation:
    x: -0.0011150554945441999
    y: 0.00066996738579877914
    z: 0.00074424023769846656
    w: 0.99999887695007672
