header:
  stamp:
    sec: 1751071453
    nanosec: 81435465
  frame_id: grasp_link
pose:
  position:
    x: -0.0016559152837382074
    y: -0.00099538214852225196
    z: -0.0020140192674450441
  orientation:
    x: -0.0010809637845595331
    y: 0.00061975201080260675
    z: 0.00074130073880229589
    w: 0.99999894894842578
