header:
  stamp:
    sec: 1751071457
    nanosec: 619851260
  frame_id: grasp_link
pose:
  position:
    x: 0.029845825671888537
    y: 0.0010189384653146328
    z: -0.029686829187042352
  orientation:
    x: -0.0022511180972484097
    y: 9.9807984488410283e-05
    z: -0.00051495772388004068
    w: 0.99999732865854263
