header:
  stamp:
    sec: 1751379591
    nanosec: 101671590
  frame_id: grasp_link
pose:
  position:
    x: 0.0023914690777407932
    y: -0.00097286692207787799
    z: -0.0021293396520463137
  orientation:
    x: -0.0022974569821974456
    y: 0.00019759289378987882
    z: -0.00052994264600281747
    w: 0.99999720090071009
