header:
  stamp:
    sec: 1751071463
    nanosec: 173281148
  frame_id: grasp_link
pose:
  position:
    x: -0.004350441807268346
    y: -0.0010049785276393772
    z: -0.005157107974321673
  orientation:
    x: 0.0011170736082487061
    y: -0.0014000958772066561
    z: -9.5432111001301064e-05
    w: 0.99999839138410662
