header:
  stamp:
    sec: 1751379596
    nanosec: 686310654
  frame_id: grasp_link
pose:
  position:
    x: -0.0043507407350910632
    y: -0.0010043897254291996
    z: -0.0051389179862334489
  orientation:
    x: 0.0011421156518559128
    y: -0.0013987256667046567
    z: -0.00013535723189766585
    w: 0.99999836040703938
