header:
  stamp:
    sec: 1751379601
    nanosec: 166752155
  frame_id: grasp_link
pose:
  position:
    x: 0.0053054014384894543
    y: -0.0013432625866740169
    z: -0.0051964532365509353
  orientation:
    x: 0.0044677157979379134
    y: -0.0021468932352076962
    z: 0.0015478435430334534
    w: 0.99998651718178266
