header:
  stamp:
    sec: 1751071467
    nanosec: 711451187
  frame_id: grasp_link
pose:
  position:
    x: 0.0053382947848501505
    y: -0.0013399349640119201
    z: -0.0052060443141589419
  orientation:
    x: 0.004491059994822833
    y: -0.0021810354314871759
    z: 0.0014904222506757177
    w: 0.99998642596091469
