header:
  stamp:
    sec: 1751071473
    nanosec: 813170028
  frame_id: grasp_link
pose:
  position:
    x: 0.0019033937780922328
    y: -0.0016637929282700692
    z: 0.0020145869473581213
  orientation:
    x: 0.0018398234078519315
    y: -6.0226082255506946e-05
    z: 0.00037733357062811988
    w: 0.99999823451945324
