header:
  stamp:
    sec: 1751379607
    nanosec: 273565018
  frame_id: grasp_link
pose:
  position:
    x: 0.00192146375208474
    y: -0.0016651259888546834
    z: 0.002033140461907168
  orientation:
    x: 0.0018812192275085618
    y: -0.00010895055387629116
    z: 0.00036328257328978151
    w: 0.99999815858318808
