header:
  stamp:
    sec: 1751379282
    nanosec: 273545987
  frame_id: grasp_link
pose:
  position:
    x: 4.3449662728641209e-05
    y: -0.0010143670248750423
    z: -0.0014899513368674677
  orientation:
    x: 0.00029947783882996266
    y: -0.00098001911451877591
    z: 0.0001707742906651369
    w: 0.99999946035570497
