header:
  stamp:
    sec: 1751379284
    nanosec: 153831039
  frame_id: grasp_link
pose:
  position:
    x: 0.00030219932769451905
    y: -0.0011070800036700648
    z: -0.0026779532154804775
  orientation:
    x: 0.0037671651439915624
    y: 0.0019724139181563284
    z: 0.00025204633443074668
    w: 0.99999092722022176
