header:
  stamp:
    sec: 1751379285
    nanosec: 881779046
  frame_id: grasp_link
pose:
  position:
    x: -0.0001476747912280114
    y: -0.001107250485716073
    z: -0.0024769028293135653
  orientation:
    x: 0.0056110662965282365
    y: 0.0003995109713726189
    z: 9.3467055649121356e-05
    w: 0.99998417366971826
