header:
  stamp:
    sec: 1751379287
    nanosec: 566883927
  frame_id: grasp_link
pose:
  position:
    x: 6.4776309856993963e-05
    y: -0.00086103363558043895
    z: -0.0034839257662142575
  orientation:
    x: 0.0002152186348025423
    y: 0.0073577952746252768
    z: 0.00047354041655290604
    w: 0.99997279577452003
