header:
  stamp:
    sec: 1751379289
    nanosec: 145265487
  frame_id: grasp_link
pose:
  position:
    x: 0.00028866160995975047
    y: -0.0011480593876738807
    z: -0.0029380884569424337
  orientation:
    x: 0.0067454012815281817
    y: 0.012066394595910046
    z: 0.0002438531119715501
    w: 0.99990441654123463
