header:
  stamp:
    sec: 1751379290
    nanosec: 773451071
  frame_id: grasp_link
pose:
  position:
    x: -0.00019773798623651782
    y: -0.0015914686576810424
    z: 0.00089406831124982933
  orientation:
    x: 0.076065458352672213
    y: -0.021422905181471767
    z: 0.0011543673669981479
    w: 0.99687199409711869
