header:
  stamp:
    sec: 1751065419
    nanosec: 339594165
  frame_id: world
pose:
  position:
    x: 1.7498808868443594
    y: 0.7513332308459677
    z: -0.41359166643191297
  orientation:
    x: 0.00092690416571126479
    y: 0.0013297791518809032
    z: 0.99999867962591693
    w: 0.00011524971815687313
