header:
  stamp:
    sec: 1751070889
    nanosec: 186756654
  frame_id: grasp_link
pose:
  position:
    x: 0.00014069020300967565
    y: -0.0011423019731465261
    z: -0.0012853864137327697
  orientation:
    x: 0.00028883355138434276
    y: -0.00011537414201414706
    z: -4.7341365217995846e-05
    w: 0.99999995051138979
