header:
  stamp:
    sec: 1751663990
    nanosec: 71386662
  frame_id: grasp_link
pose:
  position:
    x: -0.0010528048109339212
    y: 0.0016379531258984247
    z: -0.0018103222581656864
  orientation:
    x: 0.00048971120277801886
    y: 0.00021003085462463272
    z: 0.00021985684438400417
    w: 0.99999983386645919
