header:
  stamp:
    sec: 1751068645
    nanosec: 630885747
  frame_id: grasp_link
pose:
  position:
    x: 0.00082873014321159402
    y: 0.0047950711922910352
    z: 0.59837531954184808
  orientation:
    x: 0.99999854074034344
    y: -0.00030944518684012555
    z: -0.0010282271874971023
    w: 0.0013287248439337145
