header:
  stamp:
    sec: 1751323282
    nanosec: 169766253
  frame_id: grasp_link
pose:
  position:
    x: 0.00019251028351462834
    y: -0.0011718808527197326
    z: -0.00031718672171210383
  orientation:
    x: -0.00063904655156129565
    y: -5.4406543022692283e-05
    z: -0.00016571343904129058
    w: 0.99999978059922057
