header:
  stamp:
    sec: 1751068647
    nanosec: 147314004
  frame_id: grasp_link
pose:
  position:
    x: 0.00080709461042790306
    y: -0.017551958842495774
    z: 0.94263114768525824
  orientation:
    x: 0.99999252998789401
    y: -0.00024271615380630143
    z: 0.00062571146614387723
    w: -0.003806513160452784
