header:
  stamp:
    sec: 1751323286
    nanosec: 359942757
  frame_id: grasp_link
pose:
  position:
    x: 0.0001594130884005942
    y: -0.0012449459777665454
    z: -0.00044221030215085833
  orientation:
    x: -0.00015787033918842743
    y: -3.3527961774084892e-05
    z: -1.833996586977642e-05
    w: 0.99999998680823865
