header:
  stamp:
    sec: 1751070890
    nanosec: 711611227
  frame_id: grasp_link
pose:
  position:
    x: 0.00015649568901138699
    y: -0.00091359829286496736
    z: -0.0016627609865249582
  orientation:
    x: 0.00023683004122061838
    y: 0.0037174768028643379
    z: -0.00021293058435587728
    w: 0.99999303944493445
