header:
  stamp:
    sec: 1751663991
    nanosec: 956452825
  frame_id: grasp_link
pose:
  position:
    x: -0.00065777108505066999
    y: 0.0018423027079215969
    z: -0.0028911461166881702
  orientation:
    x: -0.0019092304657109815
    y: 1.0362727184490563e-05
    z: 2.1070581544755765e-05
    w: 0.99999817714217532
