header:
  stamp:
    sec: 1751065421
    nanosec: 155902128
  frame_id: world
pose:
  position:
    x: 1.0002976785565003
    y: 0.72733197274806194
    z: -0.75691223281982878
  orientation:
    x: -0.0015324473455348513
    y: 0.0020010043985105599
    z: 0.99999677362353478
    w: 0.00031674761469478599
