header:
  stamp:
    sec: 1751070892
    nanosec: 186929920
  frame_id: grasp_link
pose:
  position:
    x: -0.00013386305728314753
    y: 0.0010948274324119984
    z: -0.03306054970346195
  orientation:
    x: 0.0060965971224811811
    y: -0.0051474043104501512
    z: -0.00010823803097247897
    w: 0.99996816150161505
