header:
  stamp:
    sec: 1751323288
    nanosec: 243352870
  frame_id: grasp_link
pose:
  position:
    x: -4.3535530945451195e-05
    y: -0.0010976691654095896
    z: -0.00037641233137597485
  orientation:
    x: -0.00015468596729307024
    y: -0.00094156239010589253
    z: 0.00049115319602701204
    w: 0.99999942415036203
