header:
  stamp:
    sec: 1751065423
    nanosec: 39153330
  frame_id: world
pose:
  position:
    x: 0.25052775666665045
    y: 0.70312162451392513
    z: -1.1004279766713292
  orientation:
    x: -0.0050444247055932501
    y: 0.0045980318284982143
    z: 0.9999767004267387
    w: -0.00010240286280107645
