header:
  stamp:
    sec: 1751663993
    nanosec: 689710103
  frame_id: grasp_link
pose:
  position:
    x: -0.001091468283697035
    y: 0.0015808083089190346
    z: -0.0043372571775586177
  orientation:
    x: -0.0012049020192186084
    y: -0.00017681296340185966
    z: 4.2461038318008609e-05
    w: 0.99999925757240449
