header:
  stamp:
    sec: 1751068648
    nanosec: 631088431
  frame_id: grasp_link
pose:
  position:
    x: 0.0019254783434378654
    y: -0.040220013173939972
    z: 1.2846709329471648
  orientation:
    x: 0.99994981093454527
    y: 0.00045457425413022556
    z: 0.0086272892909049857
    w: -0.0050733473866320326
