header:
  stamp:
    sec: 1751070893
    nanosec: 716715484
  frame_id: grasp_link
pose:
  position:
    x: 7.237031673441429e-06
    y: -0.0011201523189931868
    z: -0.0032975187991720611
  orientation:
    x: 0.0024044226497768862
    y: -0.0087411597308141679
    z: -2.5823173311160868e-06
    w: 0.99995890459139036
