header:
  stamp:
    sec: 1751323289
    nanosec: 928120834
  frame_id: grasp_link
pose:
  position:
    x: 3.6069163550556897e-05
    y: -0.0010742009237032528
    z: -0.00016402311482632825
  orientation:
    x: -0.0057233621701326919
    y: -0.00046252832126235469
    z: 0.00016536162636973848
    w: 0.99998350078816489
