header:
  stamp:
    sec: 1751068650
    nanosec: 159142897
  frame_id: grasp_link
pose:
  position:
    x: 0.0036386350336000757
    y: -0.086192903094829687
    z: 1.9708468620479946
  orientation:
    x: 0.99988583730459268
    y: -0.0004042389383400411
    z: 0.014884880927480986
    w: 0.0025669570212750398
