header:
  stamp:
    sec: 1751663995
    nanosec: 370070085
  frame_id: grasp_link
pose:
  position:
    x: -0.00088327331876756373
    y: 0.0020278724287561643
    z: 0.0019696141055129956
  orientation:
    x: -0.0012178311130148025
    y: -0.00026660271267439433
    z: 0.0040613349038610934
    w: 0.99999097564386663
