header:
  stamp:
    sec: 1751065424
    nanosec: 739102834
  frame_id: world
pose:
  position:
    x: -0.49964942070300328
    y: 0.65565122806235021
    z: -1.789318866035339
  orientation:
    x: -0.013756830847378306
    y: 0.0020821084558384686
    z: 0.9999026944348276
    w: -0.0010080135845559651
