header:
  stamp:
    sec: 1751323291
    nanosec: 653228806
  frame_id: grasp_link
pose:
  position:
    x: 0.00024524499996779041
    y: -0.0014158710503561565
    z: 0.00080166714560192531
  orientation:
    x: 0.0027975043177411226
    y: 0.0012707960038938399
    z: 0.0002255123910233752
    w: 0.99999525408437329
