header:
  stamp:
    sec: 1751070895
    nanosec: 293406071
  frame_id: grasp_link
pose:
  position:
    x: -0.00012691179354339024
    y: -0.00088878141406949955
    z: -0.0064367641804247144
  orientation:
    x: 0.008865283260854338
    y: -0.035332114359305146
    z: -0.00097648097086457781
    w: 0.99933582690330847
