header:
  stamp:
    sec: 1751663996
    nanosec: 995648568
  frame_id: grasp_link
pose:
  position:
    x: -0.00074418272852126276
    y: 0.0013850432029826434
    z: -0.0080938366483368496
  orientation:
    x: -0.0012189111540282761
    y: -0.00032763565836371554
    z: -0.0052804316434961612
    w: 0.99998526186745984
