header:
  stamp:
    sec: 1751068651
    nanosec: 631155951
  frame_id: grasp_link
pose:
  position:
    x: 0.0045233038902029905
    y: -0.13099054702209084
    z: 2.6667793850080868
  orientation:
    x: 0.99972050684654601
    y: -0.0006888493548395558
    z: 0.019608597011778181
    w: -0.013188502579193365
