header:
  stamp:
    sec: 1751065426
    nanosec: 439205184
  frame_id: world
pose:
  position:
    x: -1.2498909772939808
    y: 0.60883757585311238
    z: -2.4731109998886343
  orientation:
    x: -0.011962684179229017
    y: 0.0077120827212427273
    z: 0.99989863608196217
    w: -0.00036814231023609291
