header:
  stamp:
    sec: 1751068653
    nanosec: 154414581
  frame_id: grasp_link
pose:
  position:
    x: 0.0034605947208492804
    y: -0.22059394885085126
    z: 4.0202643402731333
  orientation:
    x: 0.99867494707979365
    y: -0.0018858775487570042
    z: 0.001178670269295944
    w: -0.051414047471863185
