header:
  stamp:
    sec: 1751070896
    nanosec: 924997963
  frame_id: grasp_link
pose:
  position:
    x: -1.8512469043673518e-05
    y: -0.00097920953890687245
    z: -0.0030289987105283078
  orientation:
    x: 0.018334062465604466
    y: -0.016639817980792105
    z: 0.0006302047682558863
    w: 0.99969324367679102
