header:
  stamp:
    sec: 1751323295
    nanosec: 476514668
  frame_id: grasp_link
pose:
  position:
    x: 0.0001217004336033444
    y: -0.0012881879398124693
    z: 0.0029209480687927281
  orientation:
    x: -0.0063630166955314423
    y: 0.0065332585506358894
    z: -0.00059636224504635833
    w: 0.99995823557952435
