header:
  stamp:
    sec: 1751663998
    nanosec: 574544168
  frame_id: grasp_link
pose:
  position:
    x: -0.00065190018850956816
    y: 0.0010576829965257902
    z: -0.0061092086408587321
  orientation:
    x: 0.017702755276257132
    y: 0.0060257962263121608
    z: -0.0022035660115124495
    w: 0.99982270754984404
