header:
  stamp:
    sec: 1751379177
    nanosec: 261903399
  frame_id: grasp_link
pose:
  position:
    x: 5.1707008444251007e-05
    y: -0.001028164184951239
    z: -0.0014951870763493247
  orientation:
    x: 0.00034885573046317179
    y: -0.00098959484733816697
    z: 0.0001481541796903438
    w: 0.99999943852587059
