header:
  stamp:
    sec: 1751379179
    nanosec: 185288651
  frame_id: grasp_link
pose:
  position:
    x: 8.8506670938134501e-05
    y: -0.0011858831507351904
    z: -0.0026128778123853946
  orientation:
    x: 0.0046900177932306794
    y: 0.0018423176799862257
    z: -1.8086768323855445e-05
    w: 0.99998730455518003
