header:
  stamp:
    sec: 1751379180
    nanosec: 883495355
  frame_id: grasp_link
pose:
  position:
    x: -0.00021391084630936584
    y: -0.00098423873261423503
    z: -0.0028658796757132787
  orientation:
    x: 0.0043230311929801663
    y: -0.00085796104791669109
    z: -0.00019507441337941807
    w: 0.99999026857770867
