header:
  stamp:
    sec: 1751379182
    nanosec: 560279010
  frame_id: grasp_link
pose:
  position:
    x: 0.00013367393114829958
    y: -0.00081286039161935684
    z: -0.0036650035470817688
  orientation:
    x: -0.00053821354531714718
    y: 0.011613966985669556
    z: 0.00066849038335180754
    w: 0.99993218730954081
