header:
  stamp:
    sec: 1751379184
    nanosec: 185021855
  frame_id: grasp_link
pose:
  position:
    x: 0.0002745095370638452
    y: -0.0011609102436374013
    z: -0.0031939655265316169
  orientation:
    x: 0.0083540022403952915
    y: 0.013062947152845701
    z: 0.00037368238697495454
    w: 0.99987970797477599
