header:
  stamp:
    sec: 1751379185
    nanosec: 771876224
  frame_id: grasp_link
pose:
  position:
    x: -0.0002160635401881413
    y: -0.0016181783631365714
    z: 0.0012228833896795743
  orientation:
    x: 0.076578133432484555
    y: -0.024651264917455291
    z: 0.0014754060477306246
    w: 0.99675770766769611
