header:
  stamp:
    sec: 1751379347
    nanosec: 471829691
  frame_id: grasp_link
pose:
  position:
    x: 0.0011041983307771286
    y: -0.00126785098905904
    z: -0.000894051453601441
  orientation:
    x: -0.0011559380666589128
    y: -1.8863566840969649e-05
    z: -0.00075721314139434368
    w: 0.99999904503934922
