header:
  stamp:
    sec: 1751071097
    nanosec: 833974056
  frame_id: grasp_link
pose:
  position:
    x: 0.0011288605580873634
    y: -0.0012912446112382054
    z: -0.00091253811569413923
  orientation:
    x: -0.00098879207316038753
    y: -4.8286043500084907e-05
    z: -0.00070364493914958158
    w: 0.99999926242097481
