header:
  stamp:
    sec: 1751071103
    nanosec: 80119776
  frame_id: grasp_link
pose:
  position:
    x: -0.0017606457158982902
    y: -0.00096242955700825191
    z: -0.001976566965043558
  orientation:
    x: -0.00052686421939925694
    y: 0.00062571206919513178
    z: 0.0005110054014802022
    w: 0.99999953488588211
