header:
  stamp:
    sec: 1751379353
    nanosec: 68563814
  frame_id: grasp_link
pose:
  position:
    x: -0.0017835182765685298
    y: -0.00095900515769403163
    z: -0.0019878001057591632
  orientation:
    x: -0.00037631664365316307
    y: 0.00055654345055443659
    z: 0.00045091849353664587
    w: 0.99999967265878797
