header:
  stamp:
    sec: 1751071107
    nanosec: 511606901
  frame_id: grasp_link
pose:
  position:
    x: 0.02980666690162781
    y: 0.00097865861248580478
    z: -0.029864301923702041
  orientation:
    x: -0.0016235735526204599
    y: 0.00025324880328795826
    z: -0.00041743225426484255
    w: 0.99999856281110533
