header:
  stamp:
    sec: 1751379357
    nanosec: 491801085
  frame_id: grasp_link
pose:
  position:
    x: 0.0023517374870837271
    y: -0.0010064184467459129
    z: -0.002405806889569595
  orientation:
    x: -0.0014513634682047547
    y: 0.00028959971480423038
    z: -0.0003173916183502468
    w: 0.99999885446866854
