header:
  stamp:
    sec: 1751071112
    nanosec: 703277597
  frame_id: grasp_link
pose:
  position:
    x: -0.004557509286756356
    y: -0.00099182955632291596
    z: -0.0055182608110486697
  orientation:
    x: 0.00057687284622985309
    y: 0.0017274278609741599
    z: -2.7533482835858872e-05
    w: 0.99999834122493036
