header:
  stamp:
    sec: 1751379362
    nanosec: 883458968
  frame_id: grasp_link
pose:
  position:
    x: -0.0044413700368113318
    y: -0.00099708215992649635
    z: -0.0053981772651032767
  orientation:
    x: 0.0014513218384561921
    y: 0.0014096395091794545
    z: -0.000290124726921652
    w: 0.99999791120232751
