header:
  stamp:
    sec: 1751071117
    nanosec: 86654170
  frame_id: grasp_link
pose:
  position:
    x: -0.00085895254301537882
    y: -0.0016114117214829195
    z: 0.0010019105340659529
  orientation:
    x: -0.0034052978102281626
    y: 0.00077448106382308163
    z: -0.0018190986546732645
    w: 0.99999224747294446
