header:
  stamp:
    sec: 1751379367
    nanosec: 162207398
  frame_id: grasp_link
pose:
  position:
    x: -0.0013492079831858295
    y: -0.0017189073674601057
    z: 0.0014853864784146742
  orientation:
    x: -0.0007599982194275239
    y: 0.00066013665727744782
    z: -0.00069034551002235289
    w: 0.99999925502241105
