header:
  stamp:
    sec: 1751071125
    nanosec: 381590374
  frame_id: grasp_link
pose:
  position:
    x: 0.0019215375768140142
    y: -0.0016651728494404235
    z: 0.0020112335447216578
  orientation:
    x: 0.0019376265497952573
    y: -7.6849995051763312e-05
    z: 0.00034584023234662781
    w: 0.99999806004410097
