header:
  stamp:
    sec: 1751379375
    nanosec: 251956415
  frame_id: grasp_link
pose:
  position:
    x: 0.0019260870750412162
    y: -0.001665344537659409
    z: 0.0020151335207803101
  orientation:
    x: 0.0018933196489552702
    y: -8.9450889542372819e-05
    z: 0.00031211794305445738
    w: 0.99999815495911559
