header:
  stamp:
    sec: 1751379192
    nanosec: 288477527
  frame_id: grasp_link
pose:
  position:
    x: 5.8972232673993805e-05
    y: -0.0010221139744002639
    z: -0.0014939055430990278
  orientation:
    x: 0.00033073001561663293
    y: -0.00098166583676889208
    z: 0.00016526029182955932
    w: 0.99999944981928746
