header:
  stamp:
    sec: 1751379194
    nanosec: 169080566
  frame_id: grasp_link
pose:
  position:
    x: 8.9690850313843253e-05
    y: -0.0011928977358353578
    z: -0.0026063182258857509
  orientation:
    x: 0.0048170515855873817
    y: 0.0018664833378153722
    z: 4.9097174205418553e-06
    w: 0.99998665602590253
