header:
  stamp:
    sec: 1751379195
    nanosec: 848671139
  frame_id: grasp_link
pose:
  position:
    x: -0.00016876380450514083
    y: -0.00096987230801460177
    z: -0.0028201935914107246
  orientation:
    x: 0.0042140648107810656
    y: -0.00088995964691956702
    z: -0.00018701139314220781
    w: 0.99999070728499095
