header:
  stamp:
    sec: 1751379197
    nanosec: 583613257
  frame_id: grasp_link
pose:
  position:
    x: 0.00010139960378601544
    y: -0.00086068810231306738
    z: -0.0034600691367770997
  orientation:
    x: -0.00076936506834726398
    y: 0.010261976087003435
    z: 0.00043029702654325263
    w: 0.99994695597749106
