header:
  stamp:
    sec: 1751379199
    nanosec: 155356628
  frame_id: grasp_link
pose:
  position:
    x: 0.00032135376285529214
    y: -0.0011578777668766827
    z: -0.0028983626926559758
  orientation:
    x: 0.0069569765472453264
    y: 0.01199326888343284
    z: 0.00028506686526376504
    w: 0.99990383573406372
