header:
  stamp:
    sec: 1751379200
    nanosec: 783478485
  frame_id: grasp_link
pose:
  position:
    x: -0.00020797717842757526
    y: -0.0016264950437353584
    z: 0.0011835468923887538
  orientation:
    x: 0.079026123315574043
    y: -0.021231936615738051
    z: 0.0011647520364862466
    w: 0.99664573447838056
