header:
  stamp:
    sec: 1751070996
    nanosec: 980203974
  frame_id: grasp_link
pose:
  position:
    x: 0.00016137812466409361
    y: -0.0013116685594173956
    z: -0.0010126888883345009
  orientation:
    x: -5.0348227079545434e-05
    y: -0.00030833396041952873
    z: -0.00014735429616789992
    w: 0.99999994034096651
