header:
  stamp:
    sec: 1751068756
    nanosec: 59844591
  frame_id: grasp_link
pose:
  position:
    x: 0.00081996077835949351
    y: 0.004777174610101742
    z: 0.59839491230523212
  orientation:
    x: 0.99999855789599423
    y: -0.0003319585501888149
    z: -0.00099888150906146536
    w: 0.0013327584867747382
