header:
  stamp:
    sec: 1751323368
    nanosec: 31697388
  frame_id: grasp_link
pose:
  position:
    x: 0.00015613196922159415
    y: -0.001189336049978426
    z: -0.00033354146151187702
  orientation:
    x: -0.00055407125686113918
    y: -8.2654240199790246e-05
    z: -0.00020558532317333414
    w: 0.99999982195398107
