header:
  stamp:
    sec: 1751664079
    nanosec: 994751814
  frame_id: grasp_link
pose:
  position:
    x: -0.00060749359587838067
    y: 0.001219033032533546
    z: -0.0012948814004405396
  orientation:
    x: 0.0020885616010395962
    y: 0.00031377887955320492
    z: -1.2374003015893254e-05
    w: 0.99999776964758158
