header:
  stamp:
    sec: 1751065630
    nanosec: 448288071
  frame_id: world
pose:
  position:
    x: 1.7498574876410551
    y: 0.7513172588876329
    z: -0.41356800330970672
  orientation:
    x: 0.00082268738212987148
    y: 0.0013111730440055292
    z: 0.99999879460205532
    w: 0.00012167644084295506
