header:
  stamp:
    sec: 1751070998
    nanosec: 504927133
  frame_id: grasp_link
pose:
  position:
    x: 0.0001949000403742645
    y: -0.00090936403223387265
    z: -0.0016439549603542991
  orientation:
    x: 0.00013408743140111426
    y: 0.0037524118156850449
    z: -0.00019306671466717528
    w: 0.99999293205070727
