header:
  stamp:
    sec: 1751664081
    nanosec: 876410505
  frame_id: grasp_link
pose:
  position:
    x: -0.00068156976085417093
    y: 0.0018364602353945977
    z: -0.0028953402795520722
  orientation:
    x: -0.0019104474021105981
    y: 6.4820924657796178e-07
    z: 1.4410657009337396e-05
    w: 0.99999817498965304
