header:
  stamp:
    sec: 1751323369
    nanosec: 862658558
  frame_id: grasp_link
pose:
  position:
    x: 0.00020157262115764291
    y: -0.0012371709190560735
    z: -0.00040724715290607616
  orientation:
    x: -9.1483906633417082e-05
    y: 0.00056540895356969715
    z: -7.6729262816537539e-05
    w: 0.99999983302800122
