header:
  stamp:
    sec: 1751068757
    nanosec: 542649571
  frame_id: grasp_link
pose:
  position:
    x: 0.00081934996561980312
    y: -0.017560369431076306
    z: 0.94262225213734419
  orientation:
    x: 0.99999264811523148
    y: -0.00023865191173236478
    z: 0.00061233074640623783
    w: -0.0037778051576194929
