header:
  stamp:
    sec: 1751065632
    nanosec: 231517506
  frame_id: world
pose:
  position:
    x: 1.0002584329192186
    y: 0.7273822102841998
    z: -0.75688271518711314
  orientation:
    x: -0.0016507970519775469
    y: 0.0025023191182484482
    z: 0.99999548060045473
    w: 0.00022813765461805773
