header:
  stamp:
    sec: 1751323371
    nanosec: 741566857
  frame_id: grasp_link
pose:
  position:
    x: -3.0424545354948712e-05
    y: -0.0010784905344776699
    z: -0.00034324339777658253
  orientation:
    x: -0.00063697096400737495
    y: -0.00096398170880777889
    z: 0.00049638876612869472
    w: 0.99999920930241182
