header:
  stamp:
    sec: 1751664083
    nanosec: 601411449
  frame_id: grasp_link
pose:
  position:
    x: -0.00098059673387524901
    y: 0.0015832189568318977
    z: -0.0043424179000587371
  orientation:
    x: -0.0012064949404891325
    y: -0.00018239244989640442
    z: 2.3973670051779577e-05
    w: 0.9999992552638306
