header:
  stamp:
    sec: 1751070999
    nanosec: 983422875
  frame_id: grasp_link
pose:
  position:
    x: -0.0001257897494381557
    y: 0.0010930537858121593
    z: -0.033093778899652149
  orientation:
    x: 0.0061829387009417949
    y: -0.0050867112710940359
    z: -9.541336487562047e-05
    w: 0.99996794325305982
