header:
  stamp:
    sec: 1751068759
    nanosec: 59739545
  frame_id: grasp_link
pose:
  position:
    x: 0.0018310833052686292
    y: -0.040245509667905077
    z: 1.2845800697718128
  orientation:
    x: 0.99995205520633357
    y: 0.00047335353794297985
    z: 0.0086593432988324517
    w: -0.0045474167052135632
