header:
  stamp:
    sec: 1751065634
    nanosec: 148277261
  frame_id: world
pose:
  position:
    x: 0.25043558827126439
    y: 0.7031208348068031
    z: -1.1004662266380514
  orientation:
    x: -0.0051053220282091544
    y: 0.0045965144354022979
    z: 0.99997639865766785
    w: -9.9346234797189118e-05
