header:
  stamp:
    sec: 1751068760
    nanosec: 545775908
  frame_id: grasp_link
pose:
  position:
    x: 0.003039739565394137
    y: -0.085855860085617602
    z: 1.9710685324366513
  orientation:
    x: 0.999880163753604
    y: -0.0003079804791083428
    z: 0.015436564200750298
    w: 0.0011294980153066219
