header:
  stamp:
    sec: 1751065635
    nanosec: 948161477
  frame_id: world
pose:
  position:
    x: -0.49964164539204536
    y: 0.65560499576850106
    z: -1.7896752379552743
  orientation:
    x: -0.012342791641590313
    y: 0.0029598183126225476
    z: 0.99991901362398428
    w: -0.00092798883993847829
