header:
  stamp:
    sec: 1751071001
    nanosec: 508391216
  frame_id: grasp_link
pose:
  position:
    x: 0.00010203523380009029
    y: -0.0011148448735025893
    z: -0.003473026038469329
  orientation:
    x: 0.0026533840122274677
    y: -0.0085275401531141066
    z: 7.5235973031518259e-06
    w: 0.99996011948258023
