header:
  stamp:
    sec: 1751664085
    nanosec: 279678543
  frame_id: grasp_link
pose:
  position:
    x: -0.0008192628542587594
    y: 0.0020309857433833981
    z: 0.0019655256375847863
  orientation:
    x: -0.0012192845961022673
    y: -0.00026976875907768632
    z: 0.0040479394766392684
    w: 0.99999102733768763
