header:
  stamp:
    sec: 1751323373
    nanosec: 471474769
  frame_id: grasp_link
pose:
  position:
    x: -1.7092194520586452e-05
    y: -0.0010914444335731566
    z: -0.00018007421419141689
  orientation:
    x: -0.0056121733196726137
    y: -0.00050986627526551436
    z: 0.00010759135651202481
    w: 0.99998411585940261
