header:
  stamp:
    sec: 1751071003
    nanosec: 88390933
  frame_id: grasp_link
pose:
  position:
    x: -9.8643663171871405e-05
    y: -0.00089686966878033559
    z: -0.0064381567125479933
  orientation:
    x: 0.0094382654765629067
    y: -0.035121566037682732
    z: -0.00094835531899253899
    w: 0.99933802857994136
