header:
  stamp:
    sec: 1751068762
    nanosec: 59649138
  frame_id: grasp_link
pose:
  position:
    x: 0.0042692088629087428
    y: -0.13090213626697819
    z: 2.666094241328671
  orientation:
    x: 0.99976075737651893
    y: -0.00052568590739804127
    z: 0.017709359995596061
    w: -0.012826933881583895
