header:
  stamp:
    sec: 1751664086
    nanosec: 892246121
  frame_id: grasp_link
pose:
  position:
    x: -0.0011773986396570249
    y: 0.0011984210812558958
    z: -0.0045397196665521999
  orientation:
    x: 0.025484510552298598
    y: -0.0086233011839595974
    z: -0.003684965984251993
    w: 0.99963123171712454
