header:
  stamp:
    sec: 1751065637
    nanosec: 647967145
  frame_id: world
pose:
  position:
    x: -1.249375057942459
    y: 0.60868453518394228
    z: -2.4744610255703092
  orientation:
    x: -0.0094258943347950534
    y: 0.015560529281398715
    z: 0.99983448004709141
    w: -0.00018695837606160791
