header:
  stamp:
    sec: 1751323375
    nanosec: 249728043
  frame_id: grasp_link
pose:
  position:
    x: 0.00024154203322477409
    y: -0.0014145597555699943
    z: 0.00084899987341202632
  orientation:
    x: 0.0022977930194431149
    y: 0.0014207805781433019
    z: 0.00023297860369864766
    w: 0.99999632361862167
