header:
  stamp:
    sec: 1751323376
    nanosec: 834792999
  frame_id: grasp_link
pose:
  position:
    x: 0.00014478977907318063
    y: -0.0012774489394058474
    z: 0.0028236750277577105
  orientation:
    x: -0.005570742128024872
    y: 0.0063662525037259179
    z: -0.00052833647856598254
    w: 0.99996407861571068
