header:
  stamp:
    sec: 1751068763
    nanosec: 539159801
  frame_id: grasp_link
pose:
  position:
    x: 0.0036672240216976053
    y: -0.22074270787434663
    z: 4.0205882517330531
  orientation:
    x: 0.99883317502287805
    y: -0.0019414644766753452
    z: 0.0027645054383362987
    w: -0.048175478192582596
