header:
  stamp:
    sec: 1751071004
    nanosec: 813284244
  frame_id: grasp_link
pose:
  position:
    x: 7.1674550213495837e-05
    y: -0.001056910779024362
    z: -0.0028482145615327248
  orientation:
    x: 0.0038153967997178241
    y: -0.017561127136950377
    z: 0.00077417008837028019
    w: 0.99983821202313272
