header:
  stamp:
    sec: 1751664088
    nanosec: 477937363
  frame_id: grasp_link
pose:
  position:
    x: -0.00084755870136354341
    y: 0.00089419795081927076
    z: -0.007976342304602535
  orientation:
    x: 0.022797369819689935
    y: 0.027361894959572863
    z: -0.0049429389420185118
    w: 0.99935337793402246
