header:
  stamp:
    sec: 1751068734
    nanosec: 845812028
  frame_id: grasp_link
pose:
  position:
    x: 0.00085025477057347183
    y: 0.0047677757898464679
    z: 0.59837174368938484
  orientation:
    x: 0.99999847378381401
    y: -0.00035197812924086234
    z: -0.00098675975442247613
    w: 0.0013981582980548564
