header:
  stamp:
    sec: 1751664065
    nanosec: 91459927
  frame_id: grasp_link
pose:
  position:
    x: -0.0010199357557337261
    y: 0.0016164494483794849
    z: -0.0018180755351432376
  orientation:
    x: 0.00048045757187617245
    y: 0.00020383918181954635
    z: 0.00028423605881898489
    w: 0.99999982340997073
