header:
  stamp:
    sec: 1751070978
    nanosec: 791765866
  frame_id: grasp_link
pose:
  position:
    x: 0.00015826757807572175
    y: -0.0011534355314743157
    z: -0.001298461098186765
  orientation:
    x: 0.00028335137406515997
    y: -0.00032194805467573623
    z: -0.000100674463685009
    w: 0.99999990296304597
