header:
  stamp:
    sec: 1751065614
    nanosec: 848814721
  frame_id: world
pose:
  position:
    x: 1.7498430023931864
    y: 0.75133231677437007
    z: -0.41359165408634002
  orientation:
    x: 0.00085644622785721158
    y: 0.0014149968445455424
    z: 0.99999862721565702
    w: 9.9250138946714689e-05
