header:
  stamp:
    sec: 1751323351
    nanosec: 479730880
  frame_id: grasp_link
pose:
  position:
    x: 0.00020233247030110692
    y: -0.0011775766415392953
    z: -0.00032009857786963192
  orientation:
    x: -0.00061037346771790108
    y: -4.0833794364648435e-05
    z: -0.00015714226429743028
    w: 0.99999980054155013
