header:
  stamp:
    sec: 1751065616
    nanosec: 648806596
  frame_id: world
pose:
  position:
    x: 1.0002668897647899
    y: 0.72735063187943649
    z: -0.75689665219292568
  orientation:
    x: -0.0015191922458306622
    y: 0.002168993618580391
    z: 0.99999645651164581
    w: 0.00027292078459015035
