header:
  stamp:
    sec: 1751070980
    nanosec: 315012536
  frame_id: grasp_link
pose:
  position:
    x: 0.00010334826113079978
    y: -0.00091536351669866973
    z: -0.0018604730768926325
  orientation:
    x: -0.00024896985525477643
    y: 0.0015381215356681866
    z: -6.3842477702621278e-05
    w: 0.99999878405940601
