header:
  stamp:
    sec: 1751068736
    nanosec: 327550885
  frame_id: grasp_link
pose:
  position:
    x: 0.00081230491073578
    y: -0.017551588944208954
    z: 0.94263718328630419
  orientation:
    x: 0.99999245994044073
    y: -0.00024413061046744855
    z: 0.00061986795158017985
    w: -0.0038257321173416747
