header:
  stamp:
    sec: 1751664066
    nanosec: 868037681
  frame_id: grasp_link
pose:
  position:
    x: -0.0003136741904475881
    y: 0.0014445457263520978
    z: -0.002049605844660185
  orientation:
    x: 0.001705586525774277
    y: 0.00040932821417379055
    z: -0.00039664676640355435
    w: 0.99999838304687216
