header:
  stamp:
    sec: 1751323353
    nanosec: 254753195
  frame_id: grasp_link
pose:
  position:
    x: 0.00016033009313178752
    y: -0.0012477558501648137
    z: -0.00044614547279908656
  orientation:
    x: -0.00011606465986937612
    y: -1.5753182492741072e-05
    z: -2.0264287685852599e-05
    w: 0.99999999293509534
