header:
  stamp:
    sec: 1751070981
    nanosec: 788337658
  frame_id: grasp_link
pose:
  position:
    x: -0.00013761887215024324
    y: 0.0010947228801170986
    z: -0.03306896944534865
  orientation:
    x: 0.0061174512454845445
    y: -0.0050938459705464588
    z: -0.00010007633618512396
    w: 0.99996830925195546
