header:
  stamp:
    sec: 1751068737
    nanosec: 857498726
  frame_id: grasp_link
pose:
  position:
    x: 0.001868731462338477
    y: -0.040235681788524352
    z: 1.2846167419243895
  orientation:
    x: 0.99995158911511028
    y: 0.00046963012008849288
    z: 0.0085867454682085082
    w: -0.004781911331279429
