header:
  stamp:
    sec: 1751065618
    nanosec: 548697686
  frame_id: world
pose:
  position:
    x: 0.25042092492993473
    y: 0.70311650751712529
    z: -1.1004714974429111
  orientation:
    x: -0.0051315865249701434
    y: 0.0045780289090226398
    z: 0.99997634834554883
    w: -0.00010592708134599657
