header:
  stamp:
    sec: 1751323355
    nanosec: 179936693
  frame_id: grasp_link
pose:
  position:
    x: -4.4468760667212746e-05
    y: -0.0011310055987265337
    z: -0.00047502573654312208
  orientation:
    x: 0.00073897617898480204
    y: -0.00082104255575986935
    z: 0.00053252866390362781
    w: 0.99999924810799268
