header:
  stamp:
    sec: 1751664068
    nanosec: 601207041
  frame_id: grasp_link
pose:
  position:
    x: -0.00098794542484486637
    y: 0.0015864986848372023
    z: -0.0043420714023019169
  orientation:
    x: -0.0012067073653680383
    y: -0.00018184879097112144
    z: 1.6514225063317705e-05
    w: 0.99999925525753874
