header:
  stamp:
    sec: 1751070983
    nanosec: 314973556
  frame_id: grasp_link
pose:
  position:
    x: 6.7088633945540247e-05
    y: -0.0011111524344988245
    z: -0.0038875944911114235
  orientation:
    x: 0.0041677318256066846
    y: -0.0092781712489017881
    z: -4.3169188654879444e-05
    w: 0.99994827050509327
