header:
  stamp:
    sec: 1751065620
    nanosec: 348648616
  frame_id: world
pose:
  position:
    x: -0.49945182041968972
    y: 0.65570566760061966
    z: -1.7881295236148049
  orientation:
    x: -0.012686783775579583
    y: 0.0014699136561858841
    z: 0.99991799799611347
    w: -0.00093923091927608786
