header:
  stamp:
    sec: 1751664070
    nanosec: 281373226
  frame_id: grasp_link
pose:
  position:
    x: -0.00082774639992311315
    y: 0.0020314975057596765
    z: 0.0019659499500587208
  orientation:
    x: -0.0012192626968966645
    y: -0.0002693470385313145
    z: 0.0040473987134187926
    w: 0.99999102966691822
