header:
  stamp:
    sec: 1751323358
    nanosec: 359846767
  frame_id: grasp_link
pose:
  position:
    x: 2.1099128094005843e-05
    y: -0.0010783780039625077
    z: -0.00013942090293861398
  orientation:
    x: -0.0058063347933650601
    y: -0.00058611631997750068
    z: 0.00016246425928192817
    w: 0.99998295812943305
