header:
  stamp:
    sec: 1751068739
    nanosec: 337474894
  frame_id: grasp_link
pose:
  position:
    x: 0.0036665199064821997
    y: -0.08622894903698089
    z: 1.9707451440572925
  orientation:
    x: 0.99989022430436403
    y: -0.00039289864105969646
    z: 0.014547600615942858
    w: 0.0027842930064274495
