header:
  stamp:
    sec: 1751068740
    nanosec: 860385907
  frame_id: grasp_link
pose:
  position:
    x: 0.0045159278864509277
    y: -0.13098991643360314
    z: 2.6667683863559528
  orientation:
    x: 0.9997211626609982
    y: -0.00068715172787870706
    z: 0.019600247798074559
    w: -0.013151237071054126
