header:
  stamp:
    sec: 1751664071
    nanosec: 909518251
  frame_id: grasp_link
pose:
  position:
    x: -0.0011880385957927261
    y: 0.0011997829325828392
    z: -0.0045398537871240707
  orientation:
    x: 0.025484206200483504
    y: -0.0086233266129515738
    z: -0.0036881805501975781
    w: 0.99963122740172872
