header:
  stamp:
    sec: 1751323360
    nanosec: 88121959
  frame_id: grasp_link
pose:
  position:
    x: 0.00023102460866319344
    y: -0.0014194839996780927
    z: 0.00080184204475053367
  orientation:
    x: 0.002811907409512095
    y: 0.0012928901715426433
    z: 0.00021804802876630893
    w: 0.99999518702180856
