header:
  stamp:
    sec: 1751070984
    nanosec: 938126054
  frame_id: grasp_link
pose:
  position:
    x: -0.00012423322755307964
    y: -0.00089413234267540667
    z: -0.00643632400897165
  orientation:
    x: 0.0094243488821377473
    y: -0.035205425941930407
    z: -0.00098811535722181216
    w: 0.99933517063117316
