header:
  stamp:
    sec: 1751065622
    nanosec: 31861427
  frame_id: world
pose:
  position:
    x: -1.2489863197819586
    y: 0.60849251842821761
    z: -2.47417097019953
  orientation:
    x: -0.0012736005372279233
    y: 0.013051761196081304
    z: 0.99991392044592797
    w: -0.00042564046644497382
