header:
  stamp:
    sec: 1751323361
    nanosec: 773252635
  frame_id: grasp_link
pose:
  position:
    x: 0.0001229691627548594
    y: -0.0012878183560392404
    z: 0.0028956882721221655
  orientation:
    x: -0.0060951864021745019
    y: 0.0066960457685435008
    z: -0.00057687372490214123
    w: 0.99995883859811652
