header:
  stamp:
    sec: 1751068742
    nanosec: 339379701
  frame_id: grasp_link
pose:
  position:
    x: 0.0035453512394653503
    y: -0.22066323061562537
    z: 4.0204600748329735
  orientation:
    x: 0.99874780585870881
    y: -0.0018955034860664158
    z: 0.0018775624927503359
    w: -0.049957002692664329
