header:
  stamp:
    sec: 1751664073
    nanosec: 384742511
  frame_id: grasp_link
pose:
  position:
    x: -0.00084250572477310548
    y: 0.0016562944345546201
    z: -0.0044949423213171968
  orientation:
    x: -0.0012117919796812765
    y: -0.00034282508570806244
    z: 0.00013664433760391187
    w: 0.9999991976794198
