header:
  stamp:
    sec: 1751070986
    nanosec: 613318168
  frame_id: grasp_link
pose:
  position:
    x: 7.2275632022966306e-05
    y: -0.0010596987801151547
    z: -0.0028806377385093285
  orientation:
    x: 0.0047553142523632953
    y: -0.017447445771956647
    z: 0.00075080916107876758
    w: 0.99983619153739378
