header:
  stamp:
    sec: 1751379426
    nanosec: 475935892
  frame_id: grasp_link
pose:
  position:
    x: 0.0011273349873787142
    y: -0.0012836383909038691
    z: -0.00092361360951376259
  orientation:
    x: -0.0010206322264666946
    y: -6.026090813741139e-05
    z: -0.00068806390879674081
    w: 0.99999924062298118
