header:
  stamp:
    sec: 1751071213
    nanosec: 301507784
  frame_id: grasp_link
pose:
  position:
    x: 0.0011289475295391815
    y: -0.0012835146236273571
    z: -0.00092872385412468006
  orientation:
    x: -0.0010205240339917912
    y: -6.2933431342397132e-05
    z: -0.000689260696374405
    w: 0.99999923974459681
