header:
  stamp:
    sec: 1751071218
    nanosec: 993306352
  frame_id: grasp_link
pose:
  position:
    x: -0.0016614188768325766
    y: -0.00099430848696974855
    z: -0.002012626288378172
  orientation:
    x: -0.0010939603182719658
    y: 0.00064245433261955851
    z: 0.00074210931930901371
    w: 0.99999891988792211
