header:
  stamp:
    sec: 1751379432
    nanosec: 75761068
  frame_id: grasp_link
pose:
  position:
    x: -0.0016809603656234851
    y: -0.00098931175139097623
    z: -0.0020098278406339709
  orientation:
    x: -0.0010975765369141911
    y: 0.0006588767285454775
    z: 0.00073431620588930923
    w: 0.99999891099286298
