header:
  stamp:
    sec: 1751071223
    nanosec: 412594577
  frame_id: grasp_link
pose:
  position:
    x: 0.029918159808458356
    y: 0.0010264644386311856
    z: -0.029676226839009612
  orientation:
    x: -0.0022497069562156442
    y: 0.0001738776557023044
    z: -0.00052459539631092851
    w: 0.99999731668882097
