header:
  stamp:
    sec: 1751379436
    nanosec: 456830973
  frame_id: grasp_link
pose:
  position:
    x: 0.0023200251439060571
    y: -0.00097885737477618824
    z: -0.0021877304286519461
  orientation:
    x: -0.0022423276857910417
    y: 0.0001672013065535049
    z: -0.00050539799047608731
    w: 0.99999734428804532
