header:
  stamp:
    sec: 1751071228
    nanosec: 908216274
  frame_id: grasp_link
pose:
  position:
    x: -0.0043680311572867336
    y: -0.0010042557313021338
    z: -0.0051458299323797752
  orientation:
    x: 0.0011517818113264567
    y: -0.0014034655604062182
    z: -0.00013394918968407632
    w: 0.99999834286897415
