header:
  stamp:
    sec: 1751379441
    nanosec: 956925132
  frame_id: grasp_link
pose:
  position:
    x: -0.0043490961684757301
    y: -0.0010063136309845083
    z: -0.0051405630348155817
  orientation:
    x: 0.001143874336280497
    y: -0.0014226496627820857
    z: -0.0001318267356438314
    w: 0.99999832511917308
