header:
  stamp:
    sec: 1751071233
    nanosec: 389936792
  frame_id: grasp_link
pose:
  position:
    x: 0.0053033153157204804
    y: -0.0013436088923667938
    z: -0.0051941998173308246
  orientation:
    x: 0.0043397739165373476
    y: -0.0020346525385166736
    z: 0.0015692576522950939
    w: 0.99998728191003616
