header:
  stamp:
    sec: 1751379446
    nanosec: 483423336
  frame_id: grasp_link
pose:
  position:
    x: 0.0053163991330938964
    y: -0.0013406258708539888
    z: -0.0051861968662991753
  orientation:
    x: 0.0044846351494787625
    y: -0.0022110019310684933
    z: 0.0015544067069473214
    w: 0.99998629157495267
