header:
  stamp:
    sec: 1751071239
    nanosec: 508334969
  frame_id: grasp_link
pose:
  position:
    x: 0.0019120747457346265
    y: -0.0016636916925769857
    z: 0.00202776748881206
  orientation:
    x: 0.0018542860199021131
    y: -0.00012544069982632684
    z: 0.0003401049136071174
    w: 0.99999821510672482
