header:
  stamp:
    sec: 1751379452
    nanosec: 491879757
  frame_id: grasp_link
pose:
  position:
    x: 0.0018436189136949999
    y: -0.0016483775133057461
    z: 0.0020339526208319469
  orientation:
    x: 0.0015821406360533559
    y: -1.7119867490790563e-05
    z: 0.00041720448493864508
    w: 0.99999866123827164
