header:
  stamp:
    sec: 1739207579
    nanosec: 782499622
  frame_id: world
pose:
  position:
    x: 0.0023075742178668701
    y: -1.6895743659999596
    z: 0.7105839824090443
  orientation:
    x: 8.7531383635178257e-05
    y: -0.00016889225145578954
    z: 0.70680065986585561
    w: 0.70741329648739815