header:
  stamp:
    sec: 1751379252
    nanosec: 262373847
  frame_id: grasp_link
pose:
  position:
    x: 4.4165669017592771e-05
    y: -0.0010079338036372339
    z: -0.0014886910979386991
  orientation:
    x: 0.00025990022126972664
    y: -0.00096017653084162617
    z: 0.0001554275165098744
    w: 0.9999994931774675
