header:
  stamp:
    sec: 1751379254
    nanosec: 195133209
  frame_id: grasp_link
pose:
  position:
    x: 0.00011079312358462862
    y: -0.0011645171695552298
    z: -0.0026184683801055986
  orientation:
    x: 0.0044077079200799891
    y: 0.0017143825608349236
    z: -2.460355149536939e-05
    w: 0.99998881613645652
