header:
  stamp:
    sec: 1751379255
    nanosec: 872154865
  frame_id: grasp_link
pose:
  position:
    x: -0.00018956396238713452
    y: -0.00098015359975054967
    z: -0.0027514538500704733
  orientation:
    x: 0.0041465101892398529
    y: -0.00091337617157237439
    z: -0.00024003022569866165
    w: 0.99999095725046949
