header:
  stamp:
    sec: 1751379257
    nanosec: 553657632
  frame_id: grasp_link
pose:
  position:
    x: 0.0001462611730466926
    y: -0.00090042598673000592
    z: -0.0033464963927243296
  orientation:
    x: -7.144227992234237e-05
    y: 0.011225248540179335
    z: 0.00065594805716638149
    w: 0.99993677721311869
