header:
  stamp:
    sec: 1751379259
    nanosec: 182244425
  frame_id: grasp_link
pose:
  position:
    x: 0.00025790514112437727
    y: -0.0011672913385675236
    z: -0.0029082432793611224
  orientation:
    x: 0.0070337473713478283
    y: 0.012105880075451656
    z: 0.00026155472302186389
    w: 0.99990194802022569
