header:
  stamp:
    sec: 1751379260
    nanosec: 760192225
  frame_id: grasp_link
pose:
  position:
    x: -0.00020784489276111579
    y: -0.0016161483912062475
    z: 0.0011186287678518481
  orientation:
    x: 0.078498735589655089
    y: -0.022225238736035925
    z: 0.0011753149122487182
    w: 0.99666574432394772
