header:
  stamp:
    sec: 1751664095
    nanosec: 91907150
  frame_id: grasp_link
pose:
  position:
    x: -0.00067578086615551218
    y: 0.0012211621397582733
    z: -0.0012919040305738871
  orientation:
    x: 0.0020904375786037011
    y: 0.00031014752762655305
    z: -3.4974154103050993e-05
    w: 0.99999776632553006
