header:
  stamp:
    sec: 1751065644
    nanosec: 931186941
  frame_id: world
pose:
  position:
    x: 1.7498850845487064
    y: 0.75130841887252431
    z: -0.41354699460375316
  orientation:
    x: 0.00084235250315655569
    y: 0.0012496457478970793
    z: 0.99999885490087181
    w: 0.00013793009200254653
