header:
  stamp:
    sec: 1751323383
    nanosec: 274825988
  frame_id: grasp_link
pose:
  position:
    x: 0.00019489542993749473
    y: -0.0011735714669582076
    z: -0.0003151077630155763
  orientation:
    x: -0.00062904925463791819
    y: -5.2870834246182979e-05
    z: -0.00015598611853239442
    w: 0.99999978858499838
