header:
  stamp:
    sec: 1751071017
    nanosec: 720349506
  frame_id: grasp_link
pose:
  position:
    x: 0.00051832114533594898
    y: -0.0013227296448777798
    z: -0.0016205959494868249
  orientation:
    x: 0.0013340138686932562
    y: -0.0005285144115988635
    z: -2.6941320203072118e-05
    w: 0.99999897017631001
