header:
  stamp:
    sec: 1751068786
    nanosec: 935803523
  frame_id: grasp_link
pose:
  position:
    x: 0.00074857846165303629
    y: 0.0048037204084357549
    z: 0.59842869382582886
  orientation:
    x: 0.99999867965540779
    y: -0.00028354067891509644
    z: -0.0010482714805120008
    w: 0.0012088916526176621
