header:
  stamp:
    sec: 1751664096
    nanosec: 876396045
  frame_id: grasp_link
pose:
  position:
    x: -0.00026941558339156309
    y: 0.001448105239745816
    z: -0.0020504447830345107
  orientation:
    x: 0.0017056266189687456
    y: 0.00040525500624826133
    z: -0.0004171235800530415
    w: 0.99999837630574973
