header:
  stamp:
    sec: 1751068788
    nanosec: 458641521
  frame_id: grasp_link
pose:
  position:
    x: 0.00083331257763772596
    y: -0.017578395259058119
    z: 0.94259356566407382
  orientation:
    x: 0.99999292282067942
    y: -0.00023549054249342148
    z: 0.00064876482109684018
    w: -0.0036983722049090694
