header:
  stamp:
    sec: 1751323385
    nanosec: 58052497
  frame_id: grasp_link
pose:
  position:
    x: 0.00015792832520774745
    y: -0.001247223274108211
    z: -0.00043927860816395103
  orientation:
    x: -0.00014017762999409108
    y: -3.9205567827392794e-05
    z: -2.3733976898439239e-05
    w: 0.99999998912492682
