header:
  stamp:
    sec: 1751071019
    nanosec: 201623943
  frame_id: grasp_link
pose:
  position:
    x: 0.00016944548936806479
    y: -0.00091322490013347017
    z: -0.0016599795211809099
  orientation:
    x: 0.0002162457212380516
    y: 0.0037009060410068801
    z: -0.00021156106612113702
    w: 0.99999310586332502
