header:
  stamp:
    sec: 1751065646
    nanosec: 747677519
  frame_id: world
pose:
  position:
    x: 1.0002677744515984
    y: 0.72737447953296497
    z: -0.75688583917683805
  orientation:
    x: -0.0016098013915991278
    y: 0.0024655503823124069
    z: 0.99999563603390784
    w: 0.00023982062416541121
