header:
  stamp:
    sec: 1751065648
    nanosec: 647609839
  frame_id: world
pose:
  position:
    x: 0.25044207471835711
    y: 0.70311804676269252
    z: -1.1004541235486764
  orientation:
    x: -0.0051478594764126666
    y: 0.0045456090454768774
    z: 0.99997641321783659
    w: -9.9946022423378958e-05
