header:
  stamp:
    sec: 1751664098
    nanosec: 558046626
  frame_id: grasp_link
pose:
  position:
    x: -0.0011354308355584217
    y: 0.0015759239826954952
    z: -0.0043414793778929761
  orientation:
    x: -0.0012053257571336485
    y: -0.00018223676075058509
    z: 4.5276338121807122e-05
    w: 0.99999925596454087
