header:
  stamp:
    sec: 1751323386
    nanosec: 939741706
  frame_id: grasp_link
pose:
  position:
    x: -1.0215458252116913e-06
    y: -0.0010677114899119507
    z: -0.00040455633491243148
  orientation:
    x: -0.00078200999049111801
    y: -0.00081317462612400069
    z: 0.00057524840688159742
    w: 0.99999919814801475
