header:
  stamp:
    sec: 1751071020
    nanosec: 674957828
  frame_id: grasp_link
pose:
  position:
    x: -8.2200624899506861e-05
    y: 0.0010942542080505347
    z: -0.033048375913044992
  orientation:
    x: 0.006003632940365833
    y: -0.0050891072989488169
    z: -7.5292999588044563e-05
    w: 0.99996902537497712
