header:
  stamp:
    sec: 1751068789
    nanosec: 939337421
  frame_id: grasp_link
pose:
  position:
    x: 0.0018683129791714618
    y: -0.040237592069814712
    z: 1.2846219320495835
  orientation:
    x: 0.999951287979984
    y: 0.00046375543890457517
    z: 0.0086390638633389288
    w: -0.0047511234070775994
