header:
  stamp:
    sec: 1751071022
    nanosec: 200329775
  frame_id: grasp_link
pose:
  position:
    x: 0.00011890516125095561
    y: -0.0011137319156287611
    z: -0.0035267974706805205
  orientation:
    x: 0.0027940316764868784
    y: -0.0087234734557943058
    z: -1.076358198892911e-06
    w: 0.99995804631829355
