header:
  stamp:
    sec: 1751664100
    nanosec: 284871469
  frame_id: grasp_link
pose:
  position:
    x: -0.0008103301126438406
    y: 0.0020298094773522116
    z: 0.0019653526045865233
  orientation:
    x: -0.0012191493387283957
    y: -0.00027004170248719596
    z: 0.0040503670020245091
    w: 0.99999101759941711
