header:
  stamp:
    sec: 1751065650
    nanosec: 347685189
  frame_id: world
pose:
  position:
    x: -0.49939551856277131
    y: 0.65561299456818312
    z: -1.7895611096295614
  orientation:
    x: -0.012794323786358452
    y: 0.0020769784379326074
    z: 0.99991559045058132
    w: -0.00089633324371368186
