header:
  stamp:
    sec: 1751068791
    nanosec: 467360958
  frame_id: grasp_link
pose:
  position:
    x: 0.0036951878469241115
    y: -0.086226949511398837
    z: 1.9707216347958803
  orientation:
    x: 0.99988459141789565
    y: -0.00039414138688959662
    z: 0.014894053402391045
    w: 0.0029691195465648443
