header:
  stamp:
    sec: 1751323390
    nanosec: 363074658
  frame_id: grasp_link
pose:
  position:
    x: 1.9857586341999581e-05
    y: -0.001079875378454348
    z: -0.00014979141342041924
  orientation:
    x: -0.0057014272766980388
    y: -0.00060986219187406218
    z: 0.00015693025787610429
    w: 0.99998354844867787
