header:
  stamp:
    sec: 1751068792
    nanosec: 942403367
  frame_id: grasp_link
pose:
  position:
    x: 0.003981933006705924
    y: -0.13084213112289309
    z: 2.6652487681988024
  orientation:
    x: 0.99979087003132872
    y: -0.00043411286790647104
    z: 0.01654324597936822
    w: -0.012014522898673604
