header:
  stamp:
    sec: 1751664101
    nanosec: 859943049
  frame_id: grasp_link
pose:
  position:
    x: -0.0012370057981424196
    y: 0.0011801360244511315
    z: -0.0045332724224244059
  orientation:
    x: 0.025489648664329369
    y: -0.0086194553199668081
    z: -0.0036365798269730617
    w: 0.99963131107829861
