header:
  stamp:
    sec: 1751065652
    nanosec: 47410205
  frame_id: world
pose:
  position:
    x: -1.2492923644217346
    y: 0.60862764405882608
    z: -2.4748179814306188
  orientation:
    x: -0.0084103384116790934
    y: 0.014373964920714818
    z: 0.99986131711117843
    w: 4.341611163889195e-05
