header:
  stamp:
    sec: 1751071023
    nanosec: 828258884
  frame_id: grasp_link
pose:
  position:
    x: -0.00013969552609126561
    y: -0.00089088736738297835
    z: -0.0064427195820508931
  orientation:
    x: 0.0091329725908867749
    y: -0.035330343428975501
    z: -0.00098984517957636533
    w: 0.99933346579175719
