header:
  stamp:
    sec: 1751323392
    nanosec: 41472324
  frame_id: grasp_link
pose:
  position:
    x: 0.00025373810983307291
    y: -0.0014134476356359507
    z: 0.00078815931131215322
  orientation:
    x: 0.0028461882279900161
    y: 0.0012490133775490337
    z: 0.00023439553876607302
    w: 0.99999514210664286
