header:
  stamp:
    sec: 1751664103
    nanosec: 384987811
  frame_id: grasp_link
pose:
  position:
    x: -0.00075902635949364632
    y: 0.0016725354919028853
    z: -0.0045019964027908088
  orientation:
    x: -0.0012164134011278241
    y: -0.00034566528875506504
    z: 9.3683998205476397e-05
    w: 0.99999919603830378
