header:
  stamp:
    sec: 1751323393
    nanosec: 666417689
  frame_id: grasp_link
pose:
  position:
    x: 8.7964840168646623e-05
    y: -0.0012939938186319459
    z: 0.0028490446625459853
  orientation:
    x: -0.0058202548406288933
    y: 0.0068174391996430779
    z: -0.00057139731988903309
    w: 0.99995965951704879
