header:
  stamp:
    sec: 1751068794
    nanosec: 458368147
  frame_id: grasp_link
pose:
  position:
    x: 0.0034408355265522967
    y: -0.2205604845224779
    z: 4.020057751775691
  orientation:
    x: 0.99865537493049905
    y: -0.0019147690483423108
    z: 0.0019773523354671475
    w: -0.051767420832580673
