header:
  stamp:
    sec: 1751071025
    nanosec: 506754020
  frame_id: grasp_link
pose:
  position:
    x: 6.585842298264448e-05
    y: -0.0010580119179119602
    z: -0.0028734080559972286
  orientation:
    x: 0.0042047135712304385
    y: -0.017555219865851724
    z: 0.00077548772386239987
    w: 0.9998367533042759
