header:
  stamp:
    sec: 1751379387
    nanosec: 766861893
  frame_id: grasp_link
pose:
  position:
    x: 0.0011425647459513133
    y: -0.0012636616545432828
    z: -0.00094447772837780164
  orientation:
    x: -0.0010664296323728442
    y: -7.5300596457751205e-05
    z: -0.00070937217028456899
    w: 0.99999917692405293
