header:
  stamp:
    sec: 1751071164
    nanosec: 3292093
  frame_id: grasp_link
pose:
  position:
    x: 0.0011270887545337116
    y: -0.0012838588942591003
    z: -0.00092364615642481773
  orientation:
    x: -0.0010200250662595679
    y: -6.0455217550238312e-05
    z: -0.00068820550460634369
    w: 0.99999924113331906
