header:
  stamp:
    sec: 1751071169
    nanosec: 591577236
  frame_id: grasp_link
pose:
  position:
    x: -0.0016782915099162743
    y: -0.00098955910300985855
    z: -0.0020050004116379805
  orientation:
    x: -0.0011035151328719864
    y: 0.00067384870389299381
    z: 0.00074379924472709098
    w: 0.99999888747186083
