header:
  stamp:
    sec: 1751379393
    nanosec: 363514507
  frame_id: grasp_link
pose:
  position:
    x: -0.0016738294756850625
    y: -0.00099131732749537264
    z: -0.0020159031819401152
  orientation:
    x: -0.0010970494301277753
    y: 0.00065360703651324843
    z: 0.00073655917137543394
    w: 0.99999891337989799
