header:
  stamp:
    sec: 1751379397
    nanosec: 891835303
  frame_id: grasp_link
pose:
  position:
    x: 0.002297698678606519
    y: -0.00098030919931098781
    z: -0.0021651481316378174
  orientation:
    x: -0.0022298782093416961
    y: 0.00010558963628717168
    z: -0.00052373038123697474
    w: 0.99999737109678855
