header:
  stamp:
    sec: 1751071174
    nanosec: 14911218
  frame_id: grasp_link
pose:
  position:
    x: 0.029916994361788074
    y: 0.0010245466673722368
    z: -0.029646008689278691
  orientation:
    x: -0.0022970638865643538
    y: 0.00020906142758037881
    z: -0.0005287674085800426
    w: 0.99999720009400461
