header:
  stamp:
    sec: 1751071179
    nanosec: 511796796
  frame_id: grasp_link
pose:
  position:
    x: -0.004433030221835832
    y: -0.00099660373273102493
    z: -0.0051832465292241947
  orientation:
    x: 0.0012087988650228813
    y: -0.0014496839243900038
    z: -0.00015243733624455204
    w: 0.9999982069907335
