header:
  stamp:
    sec: 1751379403
    nanosec: 381761219
  frame_id: grasp_link
pose:
  position:
    x: -0.004398995179116183
    y: -0.00099843189952337954
    z: -0.0051594849751323002
  orientation:
    x: 0.0011342287421403476
    y: -0.0014114322426233975
    z: -0.00010711841769927183
    w: 0.99999835495356171
