header:
  stamp:
    sec: 1751071184
    nanosec: 98163156
  frame_id: grasp_link
pose:
  position:
    x: 0.0047796551836218892
    y: -0.001427638523014647
    z: -0.0046737807995249625
  orientation:
    x: 0.0052131811461942484
    y: -0.0016467166516790526
    z: 0.0025320624278839495
    w: 0.99998184969851711
