header:
  stamp:
    sec: 1751379407
    nanosec: 860219909
  frame_id: grasp_link
pose:
  position:
    x: 0.0053057209703516461
    y: -0.0013431479291793106
    z: -0.0051898361885395206
  orientation:
    x: 0.0043227712583756815
    y: -0.0020277142777653293
    z: 0.0015701704578405286
    w: 0.99998736821431355
