header:
  stamp:
    sec: 1751071190
    nanosec: 213770873
  frame_id: grasp_link
pose:
  position:
    x: 0.0019144843616517582
    y: -0.0016645520922466469
    z: 0.0020305149986915572
  orientation:
    x: 0.0018495275164260153
    y: -8.7454152844849848e-05
    z: 0.00035069636058079027
    w: 0.99999822430432339
