header:
  stamp:
    sec: 1751379413
    nanosec: 971764892
  frame_id: grasp_link
pose:
  position:
    x: 0.001901855920625195
    y: -0.0016639075962879917
    z: 0.0020054106074802736
  orientation:
    x: 0.0018455962182279215
    y: -3.1734554651163287e-05
    z: 0.00036551075590610956
    w: 0.99999822958313522
