header:
  stamp:
    sec: 1751664050
    nanosec: 91563262
  frame_id: grasp_link
pose:
  position:
    x: -0.00060919780734354956
    y: 0.0012255181537572158
    z: -0.0012934663575360217
  orientation:
    x: 0.0020909110628967789
    y: 0.00031709042920627779
    z: -2.8189032561390911e-05
    w: 0.99999776337248147
