header:
  stamp:
    sec: 1751065570
    nanosec: 850462448
  frame_id: world
pose:
  position:
    x: 1.7498450725129304
    y: 0.75133107962227719
    z: -0.41358767586852119
  orientation:
    x: 0.00085257822862731369
    y: 0.0013967968350577691
    z: 0.99999865566983548
    w: 0.00010357358404268027
