header:
  stamp:
    sec: 1751323334
    nanosec: 359801424
  frame_id: grasp_link
pose:
  position:
    x: 0.00018847211652927654
    y: -0.0011660457642251809
    z: -0.00029837581051328499
  orientation:
    x: -0.00067189816766454781
    y: -6.6373133617124941e-06
    z: -0.00016308706478001433
    w: 0.99999976095567533
