header:
  stamp:
    sec: 1751070955
    nanosec: 686666785
  frame_id: grasp_link
pose:
  position:
    x: 0.00017120391110930918
    y: -0.0013285082392933915
    z: -0.00159417363230141
  orientation:
    x: 0.0014294881134342132
    y: -0.00054620128486555135
    z: -0.00023776568155964037
    w: 0.99999880084696624
