header:
  stamp:
    sec: 1751068714
    nanosec: 461419661
  frame_id: grasp_link
pose:
  position:
    x: 0.00077637746697276772
    y: 0.0048065977595938628
    z: 0.59840753654062373
  orientation:
    x: 0.99999863051783677
    y: -0.00028282648552040558
    z: -0.0010591230749149797
    w: 0.0012398507741711899
