header:
  stamp:
    sec: 1751068715
    nanosec: 937525328
  frame_id: grasp_link
pose:
  position:
    x: 0.00079935801848339267
    y: -0.017530114121245707
    z: 0.94265720770349182
  orientation:
    x: 0.99999186478126723
    y: -0.00024276231458007891
    z: 0.000636413472977809
    w: -0.0039757283149178604
