header:
  stamp:
    sec: 1751664051
    nanosec: 972984136
  frame_id: grasp_link
pose:
  position:
    x: -0.00071330697171609065
    y: 0.0018390838568383826
    z: -0.0028937599221664501
  orientation:
    x: -0.0019099349544457992
    y: 3.8064286789988913e-06
    z: 1.4952767956447147e-05
    w: 0.99999817595353424
