header:
  stamp:
    sec: 1751065572
    nanosec: 650395665
  frame_id: world
pose:
  position:
    x: 1.0002627862145179
    y: 0.72734953236100219
    z: -0.75689058950156629
  orientation:
    x: -0.0015613383339373897
    y: 0.0021800549522633804
    z: 0.99999636683782134
    w: 0.00027548896483124962
