header:
  stamp:
    sec: 1751323336
    nanosec: 141516162
  frame_id: grasp_link
pose:
  position:
    x: 0.00016298007298782977
    y: -0.00124303383790742
    z: -0.00043807896073488894
  orientation:
    x: -0.00016724770875259823
    y: -4.5368551885929483e-05
    z: -1.3647340700803996e-05
    w: 0.99999998489182429
