header:
  stamp:
    sec: 1751070957
    nanosec: 108366683
  frame_id: grasp_link
pose:
  position:
    x: -4.9171244304475068e-05
    y: -0.0011628460445965022
    z: -0.0019691693087352524
  orientation:
    x: 0.0037714621959322146
    y: 0.0033550384871338101
    z: -0.00032105565619543728
    w: 0.99998720827464616
