header:
  stamp:
    sec: 1751664053
    nanosec: 697941073
  frame_id: grasp_link
pose:
  position:
    x: -0.001012845222250815
    y: 0.0015846578523621268
    z: -0.0043410188247794412
  orientation:
    x: -0.0012062459790458126
    y: -0.00018080255831016441
    z: 2.3678566896818441e-05
    w: 0.99999925585992244
