header:
  stamp:
    sec: 1751070958
    nanosec: 590057938
  frame_id: grasp_link
pose:
  position:
    x: -0.00011719103861996681
    y: 0.0011086982653483854
    z: -0.032948700969322231
  orientation:
    x: 0.0055715669445298927
    y: -0.0049648568405091277
    z: -9.1475411635062598e-05
    w: 0.99997214934746304
