header:
  stamp:
    sec: 1751323338
    nanosec: 31589412
  frame_id: grasp_link
pose:
  position:
    x: -3.1382788339265712e-05
    y: -0.0011240265217405268
    z: -0.0004741168577492294
  orientation:
    x: 0.00069581144277660104
    y: -0.00082944948222461658
    z: 0.00055187453773329945
    w: 0.99999926164697106
