header:
  stamp:
    sec: 1751065574
    nanosec: 533733829
  frame_id: world
pose:
  position:
    x: 0.25051599877392455
    y: 0.7031220352801637
    z: -1.1004225408302082
  orientation:
    x: -0.0051380542924997184
    y: 0.0046593394787255707
    z: 0.99997593835781473
    w: -0.00011687222572838314
