header:
  stamp:
    sec: 1751068717
    nanosec: 461288194
  frame_id: grasp_link
pose:
  position:
    x: 0.0018656751646070591
    y: -0.040232467688241763
    z: 1.2846095705831249
  orientation:
    x: 0.99995140791169046
    y: 0.00046512533418703388
    z: 0.0086134148431820275
    w: -0.0047722697525380137
