header:
  stamp:
    sec: 1751664055
    nanosec: 373088329
  frame_id: grasp_link
pose:
  position:
    x: -0.00086169476209888062
    y: 0.002024953415783817
    z: 0.0019683766796859681
  orientation:
    x: -0.0012176744080262915
    y: -0.00026801443200664792
    z: 0.004066149514695209
    w: 0.99999095589181397
