header:
  stamp:
    sec: 1751068718
    nanosec: 939177677
  frame_id: grasp_link
pose:
  position:
    x: 0.0035670727215842452
    y: -0.086135859229650724
    z: 1.9708277230347049
  orientation:
    x: 0.99988310295027882
    y: -0.00042119707253422412
    z: 0.015103974024948407
    w: 0.0023394435667630129
