header:
  stamp:
    sec: 1751070960
    nanosec: 118359745
  frame_id: grasp_link
pose:
  position:
    x: -5.6977363975631691e-05
    y: -0.0011259956176840815
    z: -0.0031295237329577175
  orientation:
    x: 0.0021108295164882357
    y: -0.0086282480479652288
    z: -2.4822223939536081e-05
    w: 0.9999605477808774
