header:
  stamp:
    sec: 1751065576
    nanosec: 233603124
  frame_id: world
pose:
  position:
    x: -0.49952932776382569
    y: 0.65560586766882345
    z: -1.7896113382975427
  orientation:
    x: -0.012527264642010224
    y: 0.0023947839241228643
    z: 0.99991825983348859
    w: -0.00089794326875628806
