header:
  stamp:
    sec: 1751323339
    nanosec: 759727145
  frame_id: grasp_link
pose:
  position:
    x: -2.7110462962466706e-06
    y: -0.0010869125791839363
    z: -0.00017044959821777006
  orientation:
    x: -0.0056938906627053204
    y: -0.00054081051064701574
    z: 0.00013936208759118672
    w: 0.99998363372173327
