header:
  stamp:
    sec: 1751068720
    nanosec: 465800668
  frame_id: grasp_link
pose:
  position:
    x: 0.0044240969054080911
    y: -0.13096991927174773
    z: 2.6664937718509343
  orientation:
    x: 0.99973021788731264
    y: -0.00065274247121961031
    z: 0.019248062263973399
    w: -0.012983738650135657
