header:
  stamp:
    sec: 1751065577
    nanosec: 950210705
  frame_id: world
pose:
  position:
    x: -1.2498907554717043
    y: 0.60882182767352999
    z: -2.4731547592670915
  orientation:
    x: -0.011849190465973759
    y: 0.00765039571678062
    z: 0.99990046807916344
    w: -0.00034937908899032865
