header:
  stamp:
    sec: 1751664056
    nanosec: 994409362
  frame_id: grasp_link
pose:
  position:
    x: -0.0012202629043279751
    y: 0.0011952526143010702
    z: -0.0045377750627089153
  orientation:
    x: 0.025485646157665055
    y: -0.0086220431675314568
    z: -0.0036754525567183221
    w: 0.9996312486412412
