header:
  stamp:
    sec: 1751323343
    nanosec: 478110877
  frame_id: grasp_link
pose:
  position:
    x: 0.00022319840494807819
    y: -0.0014187363248512001
    z: 0.00073748224188474598
  orientation:
    x: 0.0030713792145269907
    y: 0.0012200873641516027
    z: 0.00020117116274163995
    w: 0.9999945187583319
