header:
  stamp:
    sec: 1751070961
    nanosec: 695028090
  frame_id: grasp_link
pose:
  position:
    x: -0.00010919832232120805
    y: -0.00089335235734412156
    z: -0.006449805120664065
  orientation:
    x: 0.0092494954612484977
    y: -0.035279222280686549
    z: -0.0009772406191020629
    w: 0.99933421251839205
