header:
  stamp:
    sec: 1751323345
    nanosec: 54819631
  frame_id: grasp_link
pose:
  position:
    x: -5.8990008235499606e-05
    y: -0.001233691333329825
    z: 0.0013073321337092603
  orientation:
    x: 0.0058477597745282628
    y: -0.0041388121870633695
    z: -0.00065162729566849175
    w: 0.99997412432580834
