header:
  stamp:
    sec: 1751068721
    nanosec: 940826864
  frame_id: grasp_link
pose:
  position:
    x: 0.0037281403326529417
    y: -0.22082315346965137
    z: 4.0208375160247503
  orientation:
    x: 0.99890711553705347
    y: -0.0019444122840571764
    z: 0.002946839226035673
    w: -0.046605900151047146
