header:
  stamp:
    sec: 1751070963
    nanosec: 422272704
  frame_id: grasp_link
pose:
  position:
    x: 6.5416144239136042e-05
    y: -0.0010567835126222987
    z: -0.0028483572432476123
  orientation:
    x: 0.0038159264583184946
    y: -0.0175609668449257
    z: 0.0007765008459172739
    w: 0.99983821100974757
