header:
  stamp:
    sec: 1751664058
    nanosec: 578127909
  frame_id: grasp_link
pose:
  position:
    x: -0.00087367921829132494
    y: 0.00089256447619883014
    z: -0.0079751624084357653
  orientation:
    x: 0.022797851417422927
    y: 0.027362569717262451
    z: -0.0049379942632287932
    w: 0.99935337291764481
