camera_pose:
  x: 0.60645102712000554
  y: 0.99234455279577194
  z: 0.027524840678222293
  roll: 1.5783717177189891
  pitch: 0.010046410552628964
  yaw: -2.005215403599149
