header:
  stamp:
    sec: 1751071489
    nanosec: 19132544
  frame_id: grasp_link
pose:
  position:
    x: 0.0011272603880962961
    y: -0.0012836827340174369
    z: -0.00092382045629035847
  orientation:
    x: -0.0010188027205629677
    y: -6.0962031177309659e-05
    z: -0.00068712675297503576
    w: 0.99999924309044996
