header:
  stamp:
    sec: 1751379619
    nanosec: 785069197
  frame_id: grasp_link
pose:
  position:
    x: 0.0011275564460142551
    y: -0.0012832690439426593
    z: -0.00092345074867605792
  orientation:
    x: -0.0010199071746426472
    y: -6.0765533156879728e-05
    z: -0.0006879318196554863
    w: 0.99999924142307051
