header:
  stamp:
    sec: 1751071494
    nanosec: 728068825
  frame_id: grasp_link
pose:
  position:
    x: -0.0016691923893699112
    y: -0.0009921611990556104
    z: -0.0020022346784842604
  orientation:
    x: -0.0010701204877461904
    y: 0.00063385938886221117
    z: 0.00073680819376588705
    w: 0.99999895508850523
