header:
  stamp:
    sec: 1751379625
    nanosec: 378448495
  frame_id: grasp_link
pose:
  position:
    x: -0.001687439185606765
    y: -0.00098701513133222563
    z: -0.0019995682139467563
  orientation:
    x: -0.0010884092085105999
    y: 0.00066944189504996644
    z: 0.00073621559578172194
    w: 0.99999891259917906
