header:
  stamp:
    sec: 1751379629
    nanosec: 901781820
  frame_id: grasp_link
pose:
  position:
    x: 0.0023069385233431827
    y: -0.00098021758398396603
    z: -0.0021755086195653917
  orientation:
    x: -0.0022505607736050572
    y: 0.00010545763039116748
    z: -0.00051440914955553545
    w: 0.99999732961549415
