header:
  stamp:
    sec: 1751071499
    nanosec: 110015980
  frame_id: grasp_link
pose:
  position:
    x: 0.029913021141289908
    y: 0.0010249219680311479
    z: -0.029675304351710619
  orientation:
    x: -0.0022525165917550711
    y: 0.00016939270300190946
    z: -0.00052230427644905486
    w: 0.99999731233306777
