header:
  stamp:
    sec: 1751071504
    nanosec: 713153919
  frame_id: grasp_link
pose:
  position:
    x: -0.0043723964510886115
    y: -0.0010032676533825201
    z: -0.0051471118679399241
  orientation:
    x: 0.001154114387516926
    y: -0.0014020956978144823
    z: -0.00013868764440599826
    w: 0.99999834145531086
