header:
  stamp:
    sec: 1751379635
    nanosec: 401537685
  frame_id: grasp_link
pose:
  position:
    x: -0.0043955610619547114
    y: -0.0010003862032160397
    z: -0.0051520669035728384
  orientation:
    x: 0.0011522868347556838
    y: -0.0014021483580212567
    z: -0.00011069007571837193
    w: 0.99999834698000378
