header:
  stamp:
    sec: 1751379639
    nanosec: 978303238
  frame_id: grasp_link
pose:
  position:
    x: 0.0047898927892959797
    y: -0.0014272667163620731
    z: -0.004677431094915474
  orientation:
    x: 0.0052451404856439163
    y: -0.0016493581707017545
    z: 0.002537007733941837
    w: 0.99998166568726077
