header:
  stamp:
    sec: 1751071509
    nanosec: 201421200
  frame_id: grasp_link
pose:
  position:
    x: 0.0053142139263572252
    y: -0.0013417456943250695
    z: -0.0052054823278937512
  orientation:
    x: 0.0044931921663922871
    y: -0.0022092572768986894
    z: 0.0015510053217478485
    w: 0.99998626230010412
