header:
  stamp:
    sec: 1751071515
    nanosec: 309787625
  frame_id: grasp_link
pose:
  position:
    x: 0.0018830753488222052
    y: -0.0016592675361959928
    z: 0.0019951862177435276
  orientation:
    x: 0.0018114749026511593
    y: -8.4179879984370306e-05
    z: 0.00036751508833709486
    w: 0.99999828820107728
