header:
  stamp:
    sec: 1751379646
    nanosec: 95029857
  frame_id: grasp_link
pose:
  position:
    x: 0.0018547515000499892
    y: -0.0016535156036323936
    z: 0.0020063944669493905
  orientation:
    x: 0.0017838114720996252
    y: -6.2077915588531284e-06
    z: 0.000362860004554281
    w: 0.99999834315398373
