header:
  stamp:
    sec: 1751379207
    nanosec: 284043737
  frame_id: grasp_link
pose:
  position:
    x: 5.8144353756986315e-05
    y: -0.0010170646229729079
    z: -0.0014861601397506696
  orientation:
    x: 0.00032767581385030565
    y: -0.00096788837696294759
    z: 0.00016440328813014182
    w: 0.99999946439596155
