header:
  stamp:
    sec: 1751379209
    nanosec: 168550430
  frame_id: grasp_link
pose:
  position:
    x: 8.3611758038699881e-05
    y: -0.0011977323981970539
    z: -0.0026202002910115096
  orientation:
    x: 0.0048423362011668254
    y: 0.0017187810628157291
    z: 2.4242882027841236e-05
    w: 0.99998679840488691
