header:
  stamp:
    sec: 1751379210
    nanosec: 884584129
  frame_id: grasp_link
pose:
  position:
    x: -0.00020271607616702749
    y: -0.00098664472507500683
    z: -0.0028445825221183885
  orientation:
    x: 0.004378831501125926
    y: -0.000793812882976578
    z: -0.00020071864092411821
    w: 0.99999007765468284
