header:
  stamp:
    sec: 1751379212
    nanosec: 580242354
  frame_id: grasp_link
pose:
  position:
    x: 8.3684234640156528e-05
    y: -0.00085620452038165937
    z: -0.003430927151421459
  orientation:
    x: -0.00052695474128670037
    y: 0.0093886021732224045
    z: 0.00044355725698783273
    w: 0.99995568888070918
