header:
  stamp:
    sec: 1751379214
    nanosec: 156899011
  frame_id: grasp_link
pose:
  position:
    x: 0.00031030085832068981
    y: -0.001160574629966867
    z: -0.0029047847838394869
  orientation:
    x: 0.0070995171698549067
    y: 0.012013373713827921
    z: 0.00026624763762510728
    w: 0.99990259766647382
