header:
  stamp:
    sec: 1751379215
    nanosec: 681975122
  frame_id: grasp_link
pose:
  position:
    x: -0.00029993850584680127
    y: -0.0019862077160643929
    z: 0.0052700569441173073
  orientation:
    x: 0.10508379964549158
    y: -0.037166994597892682
    z: 0.0011566275489240786
    w: 0.99376791645602014
