header:
  stamp:
    sec: 1751379658
    nanosec: 708312952
  frame_id: grasp_link
pose:
  position:
    x: 0.0011286828964117701
    y: -0.0012826168542122212
    z: -0.00092430429162937422
  orientation:
    x: -0.0010153457125027224
    y: -5.8798915644825845e-05
    z: -0.00068782153188307114
    w: 0.99999924625837189
