header:
  stamp:
    sec: 1751071530
    nanosec: 728086125
  frame_id: grasp_link
pose:
  position:
    x: 0.0010970487970087817
    y: -0.001271480033811379
    z: -0.00087493456019871463
  orientation:
    x: -0.0010797655387417236
    y: 2.5563364261341985e-05
    z: -0.00075875977348290502
    w: 0.99999912886787135
