header:
  stamp:
    sec: 1751379664
    nanosec: 355100372
  frame_id: grasp_link
pose:
  position:
    x: -0.0016613688810364069
    y: -0.00099220054030626386
    z: -0.0020163532910388859
  orientation:
    x: -0.0010980624214689527
    y: 0.00063292174672280571
    z: 0.00074556198871545602
    w: 0.99999891890256687
