header:
  stamp:
    sec: 1751071536
    nanosec: 429846562
  frame_id: grasp_link
pose:
  position:
    x: -0.0016850116549650407
    y: -0.00098793890161050332
    z: -0.0020063892912929315
  orientation:
    x: -0.0010930958036144466
    y: 0.00066859967314200045
    z: 0.00073289309699941076
    w: 0.9999989104912812
