header:
  stamp:
    sec: 1751071540
    nanosec: 906436905
  frame_id: grasp_link
pose:
  position:
    x: 0.029847223764289832
    y: 0.0010229950936982827
    z: -0.029689514374089065
  orientation:
    x: -0.0022651637391196936
    y: 9.4934854931624609e-05
    z: -0.000536618848978335
    w: 0.99999728602672699
