header:
  stamp:
    sec: 1751379668
    nanosec: 783298777
  frame_id: grasp_link
pose:
  position:
    x: 0.0023611431336507671
    y: -0.00097590132971674343
    z: -0.002174077700000776
  orientation:
    x: -0.0022490169061179172
    y: 0.00014349233347707069
    z: -0.00051990370642783132
    w: 0.99999732551294473
