header:
  stamp:
    sec: 1751071546
    nanosec: 406443647
  frame_id: grasp_link
pose:
  position:
    x: -0.0044102645615822222
    y: -0.00099830312805316234
    z: -0.0051580453070412258
  orientation:
    x: 0.0012224001898541777
    y: -0.0014898706631431646
    z: -0.00016171325520381252
    w: 0.99999812993425441
