header:
  stamp:
    sec: 1751379674
    nanosec: 373333230
  frame_id: grasp_link
pose:
  position:
    x: -0.0043507189110049138
    y: -0.001004202582300199
    z: -0.0051433624478711693
  orientation:
    x: 0.0011449275127752151
    y: -0.0013976758179853248
    z: -0.00013717087031331308
    w: 0.99999835841237794
