header:
  stamp:
    sec: 1751379678
    nanosec: 898274435
  frame_id: grasp_link
pose:
  position:
    x: 0.0053367482409683031
    y: -0.0013396962244567497
    z: -0.0051896076134960722
  orientation:
    x: 0.004534078392671525
    y: -0.0022081519300700594
    z: 0.0015583558861906785
    w: 0.99998606876551788
