header:
  stamp:
    sec: 1751071550
    nanosec: 996437394
  frame_id: grasp_link
pose:
  position:
    x: 0.0047910963553201569
    y: -0.0014276795713481845
    z: -0.0046845870298660719
  orientation:
    x: 0.0052665565576449679
    y: -0.0016688474925288619
    z: 0.0025347153339198413
    w: 0.99998152660349071
