header:
  stamp:
    sec: 1751071557
    nanosec: 94741029
  frame_id: grasp_link
pose:
  position:
    x: 0.0020229847916831134
    y: -0.0016688138759553609
    z: 0.0021416725102312295
  orientation:
    x: 0.0015065753659120234
    y: -7.3856616172514588e-05
    z: 0.00042721695544165289
    w: 0.99999877113001501
