header:
  stamp:
    sec: 1751379684
    nanosec: 950242468
  frame_id: grasp_link
pose:
  position:
    x: 0.0019353944287854863
    y: -0.0016643504860067745
    z: 0.0020124670400760714
  orientation:
    x: 0.0017950626804312301
    y: -7.7887531535892647e-05
    z: 0.00037951377041913593
    w: 0.99999831382498028
