header:
  stamp:
    sec: 1751071578
    nanosec: 815747512
  frame_id: grasp_link
pose:
  position:
    x: 0.0011323050817274583
    y: -0.0012833734532355374
    z: -0.00092980452459123786
  orientation:
    x: -0.0010193464809106056
    y: -5.9428663232140297e-05
    z: -0.00068622932576667373
    w: 0.99999924324486289
