header:
  stamp:
    sec: 1751379697
    nanosec: 465479094
  frame_id: grasp_link
pose:
  position:
    x: 0.0010944731908363314
    y: -0.0012752490152089693
    z: -0.00087851020612073061
  orientation:
    x: -0.0010801023333305456
    y: 2.2549264989701989e-05
    z: -0.00075836228228226782
    w: 0.99999912887818498
