header:
  stamp:
    sec: 1751379703
    nanosec: 70166054
  frame_id: grasp_link
pose:
  position:
    x: -0.0016794904779412478
    y: -0.00099076248983066676
    z: -0.0020129955396109844
  orientation:
    x: -0.0010745783509057132
    y: 0.00066113513633204828
    z: 0.00073056715977507587
    w: 0.99999893722609756
