header:
  stamp:
    sec: 1751071584
    nanosec: 474820585
  frame_id: grasp_link
pose:
  position:
    x: -0.0016692563587343834
    y: -0.0010024917836073707
    z: -0.0020206244465116319
  orientation:
    x: -0.00099150562232376994
    y: 0.00067708936602487802
    z: 0.00074194732835055211
    w: 0.99999900398988073
