header:
  stamp:
    sec: 1751071588
    nanosec: 904767971
  frame_id: grasp_link
pose:
  position:
    x: 0.029927149993029922
    y: 0.0010280616772239655
    z: -0.029684549254689219
  orientation:
    x: -0.002224107618119764
    y: 0.00018873249136816973
    z: -0.00050288665719694977
    w: 0.99999738241175384
