header:
  stamp:
    sec: 1751379707
    nanosec: 482335050
  frame_id: grasp_link
pose:
  position:
    x: 0.0023797069967593787
    y: -0.00097642312807007226
    z: -0.0021616558715000789
  orientation:
    x: -0.0022186505724064946
    y: 0.00018295460594325413
    z: -0.0005188036558793057
    w: 0.99999738747659561
