header:
  stamp:
    sec: 1751071594
    nanosec: 496969162
  frame_id: grasp_link
pose:
  position:
    x: -0.0043399516364463486
    y: -0.0010046574643328308
    z: -0.0051364082146452272
  orientation:
    x: 0.0011204162907476588
    y: -0.0013872067735992229
    z: -0.00013064347547065675
    w: 0.99999840162721509
