header:
  stamp:
    sec: 1751379712
    nanosec: 993312241
  frame_id: grasp_link
pose:
  position:
    x: -0.0043757818352552214
    y: -0.0010013667024453348
    z: -0.0051547437638299609
  orientation:
    x: 0.001127954013668354
    y: -0.0013788037490087965
    z: -0.00011343676313365988
    w: 0.99999840687476382
