header:
  stamp:
    sec: 1751379717
    nanosec: 478387950
  frame_id: grasp_link
pose:
  position:
    x: 0.0053067547643762536
    y: -0.0013438389786594859
    z: -0.0051837565326863233
  orientation:
    x: 0.0044216847351182869
    y: -0.0021613042970383641
    z: 0.0015332303874785614
    w: 0.99998671324793997
