header:
  stamp:
    sec: 1751071599
    nanosec: 26396562
  frame_id: grasp_link
pose:
  position:
    x: 0.0053521342815063822
    y: -0.0013382311846702132
    z: -0.0051939040022755956
  orientation:
    x: 0.0044657811119671311
    y: -0.0021773634908697002
    z: 0.0014996478699662995
    w: 0.99998653338110255
