header:
  stamp:
    sec: 1751071605
    nanosec: 131570025
  frame_id: grasp_link
pose:
  position:
    x: 0.001896600677748439
    y: -0.0016601229575348346
    z: 0.0020397769884018535
  orientation:
    x: 0.0017845301868869106
    y: -6.9450994232762953e-05
    z: 0.00035824449750183933
    w: 0.99999834114335007
