header:
  stamp:
    sec: 1751379723
    nanosec: 591643967
  frame_id: grasp_link
pose:
  position:
    x: 0.0019071586351828151
    y: -0.0016635168633567243
    z: 0.0020220399148673796
  orientation:
    x: 0.0019189199664700785
    y: -6.3298270586243315e-05
    z: 0.00033674485038568888
    w: 0.99999810016939394
