header:
  stamp:
    sec: 1746467553
    nanosec: 486561938
  frame_id: world
pose:
  position:
    x: -0.0018886122476553802
    y: 0.00011242628274432676
    z: -0.0050969905153461781
  orientation:
    x: 0.99978003766128232
    y: -0.0031830407237334042
    z: -0.014131803389704855
    w: -0.015166960101189311
