header:
  stamp:
    sec: 1751069017
    nanosec: 997354070
  frame_id: tag1
pose:
  position:
    x: -0.00035965079392741295
    y: 0.0017102592483685397
    z: 0.5974909479563445
  orientation:
    x: 0.99999862249942673
    y: -2.7080067388124796e-12
    z: -0.00037012000834779022
    w: -0.0016180267081769418
