header:
  stamp:
    sec: 1751664005
    nanosec: 178097742
  frame_id: grasp_link
pose:
  position:
    x: -0.0006173923661069074
    y: 0.001234117997609602
    z: -0.0012920599016653656
  orientation:
    x: 0.0020938736233311319
    y: 0.00032238804741249256
    z: -4.5041306149784714e-05
    w: 0.99999775486271836
