header:
  stamp:
    sec: 1751323302
    nanosec: 361432226
  frame_id: grasp_link
pose:
  position:
    x: 0.00018655030667213534
    y: -0.0011666689303911496
    z: -0.00029862575403860614
  orientation:
    x: -0.00066665166732002052
    y: -1.7358300310071704e-05
    z: -0.00016360411037105098
    w: 0.99999976425394188
