header:
  stamp:
    sec: 1751065448
    nanosec: 638304180
  frame_id: world
pose:
  position:
    x: 1.7499054762534052
    y: 0.75131432210372373
    z: -0.41356072548650785
  orientation:
    x: 0.00090395545968490073
    y: 0.0012061619487851269
    z: 0.99999885484281292
    w: 0.00013546565181895285
