header:
  stamp:
    sec: 1751068666
    nanosec: 830998304
  frame_id: grasp_link
pose:
  position:
    x: 0.00080434563795176166
    y: 0.0047999088605100923
    z: 0.59839256392243168
  orientation:
    x: 0.99999857862034669
    y: -0.00029480000489766827
    z: -0.0010488099215955585
    w: 0.0012867975721451018
