header:
  stamp:
    sec: 1751070906
    nanosec: 998633398
  frame_id: grasp_link
pose:
  position:
    x: 0.00016556918622280103
    y: -0.0011569894512404655
    z: -0.0014395618940912236
  orientation:
    x: 0.00046163182117170876
    y: -1.5663929313139278e-05
    z: -2.7865034020992531e-05
    w: 0.99999989293711578
