header:
  stamp:
    sec: 1751068668
    nanosec: 362475532
  frame_id: grasp_link
pose:
  position:
    x: 0.00078096042938415814
    y: -0.017505391179364255
    z: 0.94267847848052166
  orientation:
    x: 0.99999135310305731
    y: -0.00024077263848034657
    z: 0.00064823091727706753
    w: -0.0041006760821979621
