header:
  stamp:
    sec: 1751323304
    nanosec: 144789106
  frame_id: grasp_link
pose:
  position:
    x: 0.00021000681939989759
    y: -0.0012313882563683709
    z: -0.0004102701633527106
  orientation:
    x: -0.00010641342154803788
    y: 0.00055550490770783995
    z: -5.5740585420459632e-05
    w: 0.99999983849172136
