header:
  stamp:
    sec: 1751070908
    nanosec: 471623261
  frame_id: grasp_link
pose:
  position:
    x: 0.00025763957723099894
    y: -0.00091720126439520807
    z: -0.0016625976002830889
  orientation:
    x: 0.00018002333407127953
    y: 0.0037224828968215251
    z: -0.00015595680930366446
    w: 0.99999304317087911
