header:
  stamp:
    sec: 1751065450
    nanosec: 438225597
  frame_id: world
pose:
  position:
    x: 1.0002635785663847
    y: 0.72734501538886798
    z: -0.75689702843718853
  orientation:
    x: -0.0015600687959349223
    y: 0.0021566860459795601
    z: 0.99999642044194414
    w: 0.00027201828849602206
