header:
  stamp:
    sec: 1751664007
    nanosec: 56434572
  frame_id: grasp_link
pose:
  position:
    x: -0.00063152096288354861
    y: 0.0018409744462878908
    z: -0.0028919044893567225
  orientation:
    x: -0.0019094948885658995
    y: 8.8829172419364138e-06
    z: 2.0927852400510695e-05
    w: 0.99999817665453239
