header:
  stamp:
    sec: 1751068669
    nanosec: 834194761
  frame_id: grasp_link
pose:
  position:
    x: 0.0019262665941907297
    y: -0.040221459866516554
    z: 1.2846808327901917
  orientation:
    x: 0.99994991889370732
    y: 0.0004606114585785621
    z: 0.008609593916624839
    w: -0.0050815779186481622
