header:
  stamp:
    sec: 1751065452
    nanosec: 338164317
  frame_id: world
pose:
  position:
    x: 0.25051457960120699
    y: 0.70312310629512198
    z: -1.100438384643649
  orientation:
    x: -0.0050977229179319941
    y: 0.0046647047025713713
    z: 0.99997612026321003
    w: -0.00011249190200376834
