header:
  stamp:
    sec: 1751664008
    nanosec: 783214728
  frame_id: grasp_link
pose:
  position:
    x: -0.0010674531846282123
    y: 0.0015839141972070043
    z: -0.0043384727308767301
  orientation:
    x: -0.0012054901020817127
    y: -0.00017803893974792511
    z: 3.1693534714586888e-05
    w: 0.99999925704535886
