header:
  stamp:
    sec: 1751323306
    nanosec: 74780326
  frame_id: grasp_link
pose:
  position:
    x: -4.5352479491769873e-05
    y: -0.001094318427360554
    z: -0.00036888261030820768
  orientation:
    x: -0.00029897460643191052
    y: -0.0010404858878862464
    z: 0.00043308507548597694
    w: 0.99999932022007854
