header:
  stamp:
    sec: 1751070909
    nanosec: 998490177
  frame_id: grasp_link
pose:
  position:
    x: -0.0001474733419421911
    y: 0.0010995585653683527
    z: -0.032998125582324844
  orientation:
    x: 0.005934328143041327
    y: -0.0049926015091795364
    z: -0.00011133588642375633
    w: 0.99996992218965342
