header:
  stamp:
    sec: 1751068671
    nanosec: 260824804
  frame_id: grasp_link
pose:
  position:
    x: 0.0026707509445737837
    y: -0.085838006645986759
    z: 1.9717687068210517
  orientation:
    x: 0.99988069130357282
    y: -0.0003812994640724082
    z: 0.015440925915777908
    w: 0.00018861567140584709
