header:
  stamp:
    sec: 1751070911
    nanosec: 620076653
  frame_id: grasp_link
pose:
  position:
    x: -7.7349411214594705e-05
    y: -0.001114233014323187
    z: -0.0031944720360544965
  orientation:
    x: 0.0018247573004212879
    y: -0.0087748673589921663
    z: -0.00013588434125484777
    w: 0.99995982594255872
