header:
  stamp:
    sec: 1751323307
    nanosec: 754884390
  frame_id: grasp_link
pose:
  position:
    x: -2.482842714263356e-06
    y: -0.0010842295987197532
    z: -0.00016956173722793011
  orientation:
    x: -0.005785616440281546
    y: -0.00059009559005939621
    z: 0.0001189112106724668
    w: 0.9999830820017529
