header:
  stamp:
    sec: 1751664010
    nanosec: 459615904
  frame_id: grasp_link
pose:
  position:
    x: -0.00088208213149159069
    y: 0.002026234112094964
    z: 0.0019695859392241388
  orientation:
    x: -0.0012175874152373207
    y: -0.00026681615361639756
    z: 0.0040650573268832058
    w: 0.9999909607586237
