header:
  stamp:
    sec: 1751065454
    nanosec: 54771782
  frame_id: world
pose:
  position:
    x: -0.49961552445187085
    y: 0.65564476337794364
    z: -1.7895201580075411
  orientation:
    x: -0.014126875367829849
    y: 0.0024444737458840368
    z: 0.99989664239568476
    w: -0.0010772494063537297
