header:
  stamp:
    sec: 1751065455
    nanosec: 738015034
  frame_id: world
pose:
  position:
    x: -1.2493773804064605
    y: 0.60870062764315525
    z: -2.474388176498775
  orientation:
    x: -0.0092712235511166197
    y: 0.015730052184291167
    z: 0.99983327589488447
    w: -0.00017402714908370861
