header:
  stamp:
    sec: 1751323309
    nanosec: 479769051
  frame_id: grasp_link
pose:
  position:
    x: 0.00022132805811790493
    y: -0.0014189490940403314
    z: 0.00073729282570778043
  orientation:
    x: 0.0030714542153084468
    y: 0.0012202324734617435
    z: 0.00020038447801506398
    w: 0.99999451850886401
