header:
  stamp:
    sec: 1751070913
    nanosec: 198337744
  frame_id: grasp_link
pose:
  position:
    x: -0.00012935409062494443
    y: -0.00088929419759853508
    z: -0.0064595582781998839
  orientation:
    x: 0.0090898177321316678
    y: -0.03542408196563826
    z: -0.00098710562278063506
    w: 0.99933054354051321
