header:
  stamp:
    sec: 1751664012
    nanosec: 89588759
  frame_id: grasp_link
pose:
  position:
    x: -0.00072801126083076311
    y: 0.0013863021497159305
    z: -0.0080946403480851581
  orientation:
    x: -0.0012193253989511153
    y: -0.00032807101287818196
    z: -0.0052842493543787507
    w: 0.99998524105295827
