header:
  stamp:
    sec: 1751068672
    nanosec: 739510665
  frame_id: grasp_link
pose:
  position:
    x: 0.0035578812835237498
    y: -0.1307733790962049
    z: 2.6637341434734703
  orientation:
    x: 0.99982427554582531
    y: -0.00037075854459454009
    z: 0.015529908629858102
    w: -0.010492974092970547
