header:
  stamp:
    sec: 1751068674
    nanosec: 214225374
  frame_id: grasp_link
pose:
  position:
    x: 0.0034757982771891375
    y: -0.22059363321583364
    z: 4.0203334911514732
  orientation:
    x: 0.99867167318811889
    y: -0.0018871159330806
    z: 0.0011839898171457362
    w: -0.051477433242257627
