header:
  stamp:
    sec: 1751070914
    nanosec: 824191767
  frame_id: grasp_link
pose:
  position:
    x: -7.4219972000779712e-05
    y: -0.0010048501471392143
    z: -0.0027939673984762603
  orientation:
    x: 0.017692325010345199
    y: -0.021187713587477178
    z: 0.00028996443043648049
    w: 0.99961891656235302
