header:
  stamp:
    sec: 1751323311
    nanosec: 56463555
  frame_id: grasp_link
pose:
  position:
    x: 0.00010491145788659015
    y: -0.0012894605662318757
    z: 0.002836180709190117
  orientation:
    x: -0.0057119468129778767
    y: 0.0068631874334313054
    z: -0.00056974899526005538
    w: 0.99995997205285259
