header:
  stamp:
    sec: 1751664013
    nanosec: 666696450
  frame_id: grasp_link
pose:
  position:
    x: -0.00066738869892423109
    y: 0.0010524993061976514
    z: -0.0061070890898221597
  orientation:
    x: 0.017704234387085984
    y: 0.0060267967009709003
    z: -0.0021895654009313954
    w: 0.99982270608825796
