header:
  stamp:
    sec: 1751069108
    nanosec: 140778286
  frame_id: tag1
pose:
  position:
    x: -0.59928250828331464
    y: 0.0015085093756963541
    z: 0.59792904711278849
  orientation:
    x: 0.9236199356003153
    y: -0.00055540909049735688
    z: 0.3833068134059856
    w: -0.0013389843018278911
