header:
  stamp:
    sec: 1751069166
    nanosec: 749111929
  frame_id: tag1
pose:
  position:
    x: 1.2502241165052681
    y: 0.0015024502319151978
    z: 0.59777259099392932
  orientation:
    x: 0.92396881115035712
    y: 0.00058177197119814201
    z: -0.38246485261690705
    w: -0.0013907104287716717
