header:
  stamp:
    sec: 1751664020
    nanosec: 273035275
  frame_id: grasp_link
pose:
  position:
    x: -0.0006249954805281799
    y: 0.0012275846985158076
    z: -0.0012952619704923451
  orientation:
    x: 0.002090671068942136
    y: 0.00032211821768535388
    z: -1.8541084716047705e-05
    w: 0.9999977624927785
