header:
  stamp:
    sec: 1751065537
    nanosec: 651830837
  frame_id: world
pose:
  position:
    x: 1.7499023808711762
    y: 0.75131441217859241
    z: -0.41356221922556363
  orientation:
    x: 0.00090303260964276835
    y: 0.0012043729239931209
    z: 0.99999885819551726
    w: 0.00013276154528710891
