header:
  stamp:
    sec: 1751068686
    nanosec: 222628315
  frame_id: grasp_link
pose:
  position:
    x: 0.00079035321778777364
    y: 0.0048018964446218809
    z: 0.59839730693419546
  orientation:
    x: 0.99999858305607159
    y: -0.00029130516149711489
    z: -0.0010533506398927603
    w: 0.0012804216420306228
