header:
  stamp:
    sec: 1751323318
    nanosec: 361458828
  frame_id: grasp_link
pose:
  position:
    x: 0.00018723318968110868
    y: -0.0011662397472108202
    z: -0.00029833248767019427
  orientation:
    x: -0.00067187292538024488
    y: -1.1418921752373962e-05
    z: -0.00016211316398815205
    w: 0.99999976108782274
