header:
  stamp:
    sec: 1751070926
    nanosec: 313265297
  frame_id: grasp_link
pose:
  position:
    x: 0.00025890149573915087
    y: -0.0012736826015485459
    z: -0.0010795895490602891
  orientation:
    x: -0.00020883557827579914
    y: -8.3911723372031969e-05
    z: 9.8204090436972469e-05
    w: 0.99999996985123996
