header:
  stamp:
    sec: 1751070927
    nanosec: 786684031
  frame_id: grasp_link
pose:
  position:
    x: 0.00014546236899213184
    y: -0.0009471927368069693
    z: -0.0019205488126970982
  orientation:
    x: -0.00024631488511263165
    y: 0.0019453529280810127
    z: -8.6871012535157674e-05
    w: 0.99999807369033955
