header:
  stamp:
    sec: 1751068687
    nanosec: 742969971
  frame_id: grasp_link
pose:
  position:
    x: 0.00082308743614073465
    y: -0.017560058428882391
    z: 0.94261254164773611
  orientation:
    x: 0.99999271039045712
    y: -0.00024311471370110121
    z: 0.00060570129754517453
    w: -0.0037620721845289672
