header:
  stamp:
    sec: 1751323320
    nanosec: 141667237
  frame_id: grasp_link
pose:
  position:
    x: 0.00021128630926119487
    y: -0.0012315184868263562
    z: -0.00041297541934248727
  orientation:
    x: -8.9073306328473335e-05
    y: 0.00055694330399925379
    z: -5.3163095315355556e-05
    w: 0.99999983952688098
