header:
  stamp:
    sec: 1751065539
    nanosec: 435034600
  frame_id: world
pose:
  position:
    x: 1.0002558369723116
    y: 0.72735063983629766
    z: -0.75689379240564603
  orientation:
    x: -0.0015815355877232332
    y: 0.002195290456842261
    z: 0.99999630434504605
    w: 0.00026597226349585058
