header:
  stamp:
    sec: 1751664022
    nanosec: 159644619
  frame_id: grasp_link
pose:
  position:
    x: -0.00073406389748367328
    y: 0.0018404826874608804
    z: -0.0028922910816788772
  orientation:
    x: -0.0019094930340971237
    y: 7.255400084766696e-06
    z: 1.9863464032391514e-05
    w: 0.99999817669291513
