header:
  stamp:
    sec: 1751664023
    nanosec: 894677885
  frame_id: grasp_link
pose:
  position:
    x: -0.001044106127899194
    y: 0.0015858025801441338
    z: -0.0043395370277202749
  orientation:
    x: -0.001205951160826197
    y: -0.00017911989820182833
    z: 2.4327977114427865e-05
    w: 0.99999925650272825
