header:
  stamp:
    sec: 1751323322
    nanosec: 78054276
  frame_id: grasp_link
pose:
  position:
    x: -6.1129016362136733e-05
    y: -0.0011170840149091262
    z: -0.00042770587365159596
  orientation:
    x: 0.00031601219966304994
    y: -0.0011592659622458668
    z: 0.00037510465172863711
    w: 0.99999920776729567
