header:
  stamp:
    sec: 1751070929
    nanosec: 313400179
  frame_id: grasp_link
pose:
  position:
    x: -0.00018354816668446176
    y: 0.0010972406721118321
    z: -0.033063923033639697
  orientation:
    x: 0.0060902812861239781
    y: -0.0051046259010118084
    z: -0.000129896793359019
    w: 0.99996841669879233
