header:
  stamp:
    sec: 1751068689
    nanosec: 267457113
  frame_id: grasp_link
pose:
  position:
    x: 0.001890440305979256
    y: -0.04022541023267194
    z: 1.2846268680310835
  orientation:
    x: 0.99995036348551192
    y: 0.00044943652820653379
    z: 0.0086700386822954438
    w: -0.0048886604757862415
