header:
  stamp:
    sec: 1751065541
    nanosec: 334946793
  frame_id: world
pose:
  position:
    x: 0.25050917363734476
    y: 0.70311808179062918
    z: -1.1004393881206127
  orientation:
    x: -0.0051270791577131851
    y: 0.0046392925462077341
    z: 0.99997608740847432
    w: -0.00012097611675687029
