header:
  stamp:
    sec: 1751664025
    nanosec: 471373237
  frame_id: grasp_link
pose:
  position:
    x: -0.001028112571880407
    y: 0.0019729475307971363
    z: 0.0019833648093797729
  orientation:
    x: -0.0012071114454686083
    y: -0.00026017087127425077
    z: 0.0042055404217603452
    w: 0.99999039426528347
