header:
  stamp:
    sec: 1751068690
    nanosec: 739352256
  frame_id: grasp_link
pose:
  position:
    x: 0.0036622909479066797
    y: -0.086230607496203315
    z: 1.9707495084047046
  orientation:
    x: 0.99989210739897683
    y: -0.00040092305260323429
    z: 0.014425978282386284
    w: 0.0027393379738860218
