header:
  stamp:
    sec: 1751070930
    nanosec: 789976636
  frame_id: grasp_link
pose:
  position:
    x: 8.0851168031354729e-05
    y: -0.0011253575358707042
    z: -0.0032096256777208731
  orientation:
    x: 0.0020615432465401948
    y: -0.0086627839067321827
    z: 5.4505091760657884e-05
    w: 0.99996035083578327
