header:
  stamp:
    sec: 1751065543
    nanosec: 51521235
  frame_id: world
pose:
  position:
    x: -0.49951879862607118
    y: 0.65566365633677626
    z: -1.7894114411030506
  orientation:
    x: -0.013813965019101414
    y: 0.0022200606887358598
    z: 0.9999016212376225
    w: -0.00099676846027972263
