header:
  stamp:
    sec: 1751323323
    nanosec: 756619584
  frame_id: grasp_link
pose:
  position:
    x: -9.7470694543174601e-06
    y: -0.0010892459054538286
    z: -0.00017294687033120315
  orientation:
    x: -0.0058807121205583825
    y: -0.00058006476711448124
    z: 0.00011405164686266944
    w: 0.99998253371848589
