header:
  stamp:
    sec: 1751070932
    nanosec: 418386659
  frame_id: grasp_link
pose:
  position:
    x: -0.00013019823200502716
    y: -0.00088977294491835042
    z: -0.0064561942627681113
  orientation:
    x: 0.009069713280791307
    y: -0.035252625965003836
    z: -0.00098199895008410426
    w: 0.99933679424988542
