header:
  stamp:
    sec: 1751068692
    nanosec: 264189519
  frame_id: grasp_link
pose:
  position:
    x: 0.0045764876925683991
    y: -0.13099490240463513
    z: 2.6669019628994843
  orientation:
    x: 0.99971112099937642
    y: -0.00071145745171755884
    z: 0.019932385899363275
    w: -0.01341150143807418
