header:
  stamp:
    sec: 1751664027
    nanosec: 94474638
  frame_id: grasp_link
pose:
  position:
    x: -0.00075341647147729636
    y: 0.0013776247603840143
    z: -0.0080917309808890003
  orientation:
    x: -0.0012171141139980125
    y: -0.00032696135327281369
    z: -0.0052612976437159484
    w: 0.99998536513121572
