header:
  stamp:
    sec: 1751065544
    nanosec: 734807230
  frame_id: world
pose:
  position:
    x: -1.2493251645939678
    y: 0.60869885236976917
    z: -2.4745596703783037
  orientation:
    x: -0.0090744120663625288
    y: 0.015651253761533319
    z: 0.99983632279896451
    w: -0.00014461392365891192
