header:
  stamp:
    sec: 1751323325
    nanosec: 436605622
  frame_id: grasp_link
pose:
  position:
    x: 0.00026302832488816721
    y: -0.0014122956666008663
    z: 0.00078409397052958685
  orientation:
    x: 0.0029117808985739055
    y: 0.0011425862435174481
    z: 0.00023306371568097007
    w: 0.99999508084289057
