header:
  stamp:
    sec: 1751323327
    nanosec: 67093428
  frame_id: grasp_link
pose:
  position:
    x: 8.8805665542561452e-05
    y: -0.0012914268186947399
    z: 0.0027938547325748742
  orientation:
    x: -0.0052126304925517696
    y: 0.0061213206214717894
    z: -0.00059125283712263348
    w: 0.99996750364063336
