header:
  stamp:
    sec: 1751070934
    nanosec: 98387823
  frame_id: grasp_link
pose:
  position:
    x: 7.4171994513962548e-05
    y: -0.0010591700012951325
    z: -0.0028798853724121276
  orientation:
    x: 0.0047419682884216633
    y: -0.017632738396238582
    z: 0.00074952236836608901
    w: 0.99983300530119568
