header:
  stamp:
    sec: 1751664028
    nanosec: 571343496
  frame_id: grasp_link
pose:
  position:
    x: -0.00090593870856316974
    y: 0.0016456818405966205
    z: -0.0044900894896702237
  orientation:
    x: -0.0012087760725370301
    y: -0.00034075587338116702
    z: 0.00016482798837519035
    w: 0.99999919778846591
