header:
  stamp:
    sec: 1751068693
    nanosec: 742460738
  frame_id: grasp_link
pose:
  position:
    x: 0.0034921227238211621
    y: -0.2206277973494129
    z: 4.0203887119279962
  orientation:
    x: 0.99872047756091353
    y: -0.0019125509353497376
    z: 0.0013398078968243294
    w: -0.050516876033859855
