header:
  stamp:
    sec: 0
    nanosec: 0
  frame_id: world
pose:
  position:
    x: 1.2853713600944836
    y: 0.091674474239733003
    z: 1.041983377287897
  orientation:
    x: 0.50030843399765235
    y: 0.49986916028753769
    z: 0.49996251495540972
    w: 0.49985975743582661