header:
  stamp:
    sec: 0
    nanosec: 0
  frame_id: world
pose:
  position:
    x: 1.8025418569191265
    y: -0.00094694864016516694
    z: 0.14583230587544302
  orientation:
    x: -0.00014007325313095779
    y: -0.00039244210045311838
    z: 0.70682410242651939
    w: 0.70738922425861395