header:
  stamp:
    sec: 1751071256
    nanosec: 191599839
  frame_id: grasp_link
pose:
  position:
    x: 0.0011262922736913206
    y: -0.001284660505685106
    z: -0.00092387584281605761
  orientation:
    x: -0.0010201852513634689
    y: -6.0063836533552658e-05
    z: -0.00068857903547034631
    w: 0.99999924073636193
