header:
  stamp:
    sec: 1751379464
    nanosec: 980168217
  frame_id: grasp_link
pose:
  position:
    x: 0.0011273996654725948
    y: -0.0012834629569913431
    z: -0.00092351382406696825
  orientation:
    x: -0.0010199459812159522
    y: -6.066422600126531e-05
    z: -0.0006880216138244531
    w: 0.99999924132786522
