header:
  stamp:
    sec: 1751071261
    nanosec: 893582748
  frame_id: grasp_link
pose:
  position:
    x: -0.0016749525687741462
    y: -0.0010017154562335763
    z: -0.0020178855027345177
  orientation:
    x: -0.0009801030234833977
    y: 0.00068417738878798835
    z: 0.00073927579247611832
    w: 0.99999901238484568
