header:
  stamp:
    sec: 1751379470
    nanosec: 586863368
  frame_id: grasp_link
pose:
  position:
    x: -0.0016915666259806894
    y: -0.00098612298260881233
    z: -0.0020039192445912013
  orientation:
    x: -0.0010849442140185564
    y: 0.00067575624028680501
    z: 0.00073023359966430481
    w: 0.99999891650363604
