header:
  stamp:
    sec: 1751379474
    nanosec: 968521160
  frame_id: grasp_link
pose:
  position:
    x: 0.0023266676904113437
    y: -0.00097294761413536717
    z: -0.0021743175615042132
  orientation:
    x: -0.0022720103061995576
    y: 0.00014469764919496057
    z: -0.00052858007074409283
    w: 0.9999972688137041
