header:
  stamp:
    sec: 1751071266
    nanosec: 419936202
  frame_id: grasp_link
pose:
  position:
    x: 0.029855901497602311
    y: 0.0010224049654392663
    z: -0.029701144097933341
  orientation:
    x: -0.0022716646910789285
    y: 7.9438863003576242e-05
    z: -0.00053623608885458986
    w: 0.99999727283620909
