header:
  stamp:
    sec: 1751379480
    nanosec: 460354161
  frame_id: grasp_link
pose:
  position:
    x: -0.0043932899696964567
    y: -0.0010015594423448638
    z: -0.0051805096243965343
  orientation:
    x: 0.0011849378890844483
    y: -0.0014185759606697662
    z: -0.00011354397027246297
    w: 0.99999828533463475
