header:
  stamp:
    sec: 1751071272
    nanosec: 13249700
  frame_id: grasp_link
pose:
  position:
    x: -0.0043996725459309882
    y: -0.00099902188675961073
    z: -0.0051656953752247103
  orientation:
    x: 0.001171206465639456
    y: -0.0014255649561787681
    z: -0.00010860950724892833
    w: 0.99999829212051428
