header:
  stamp:
    sec: 1751071276
    nanosec: 489939927
  frame_id: grasp_link
pose:
  position:
    x: 0.0053041701624484405
    y: -0.0013421090261479967
    z: -0.0052106702805833072
  orientation:
    x: 0.0044353858152035453
    y: -0.0021533227455661805
    z: 0.0015527876964768384
    w: 0.99998663961284673
