header:
  stamp:
    sec: 1751379484
    nanosec: 990045590
  frame_id: grasp_link
pose:
  position:
    x: 0.004793401991113555
    y: -0.0014279260161382396
    z: -0.0046731326261769679
  orientation:
    x: 0.0053616417523185559
    y: -0.0017371786050556506
    z: 0.0025307807282354878
    w: 0.99998091489643925
