header:
  stamp:
    sec: 1751071282
    nanosec: 596574297
  frame_id: grasp_link
pose:
  position:
    x: 0.0019277306134070082
    y: -0.0016657884715117204
    z: 0.0020308674847751007
  orientation:
    x: 0.0018813228521642185
    y: -0.00011106843520329006
    z: 0.00036423847830786973
    w: 0.99999815780753298
