header:
  stamp:
    sec: 1751379491
    nanosec: 90460516
  frame_id: grasp_link
pose:
  position:
    x: 0.0019042435927414947
    y: -0.0016635378285093758
    z: 0.0020195068222467194
  orientation:
    x: 0.0019159528535786618
    y: -7.9180837215774922e-05
    z: 0.00032623418622419406
    w: 0.99999810821136748
