header:
  stamp:
    sec: 1751379222
    nanosec: 298495076
  frame_id: grasp_link
pose:
  position:
    x: 4.8992212483079561e-05
    y: -0.0010222565910921653
    z: -0.0014946745187067734
  orientation:
    x: 0.00033988232571391028
    y: -0.00098821489329551575
    z: 0.00016298547814615704
    w: 0.99999944067337532
