header:
  stamp:
    sec: 1751379224
    nanosec: 172499480
  frame_id: grasp_link
pose:
  position:
    x: 9.8911078128671598e-05
    y: -0.0011897644854743643
    z: -0.0026128827258131704
  orientation:
    x: 0.0047373713444279191
    y: 0.0017984802467333545
    z: 1.0926810627421018e-05
    w: 0.99998716124865916
