header:
  stamp:
    sec: 1751379225
    nanosec: 850219178
  frame_id: grasp_link
pose:
  position:
    x: -0.00017179617904769694
    y: -0.00097208106753557118
    z: -0.0027688719379526106
  orientation:
    x: 0.0041186829501115496
    y: -0.00094908606444022944
    z: -0.00021436934574102317
    w: 0.99999104482599355
