header:
  stamp:
    sec: 1751379227
    nanosec: 575231557
  frame_id: grasp_link
pose:
  position:
    x: 9.9309823112197929e-05
    y: -0.00085907636725079083
    z: -0.0034901107965215061
  orientation:
    x: -0.00010145730274789011
    y: 0.0095180911825289757
    z: 0.00048517917063589173
    w: 0.99995457909238528
