header:
  stamp:
    sec: 1751379229
    nanosec: 155210912
  frame_id: grasp_link
pose:
  position:
    x: 0.00031218295513375907
    y: -0.0011574058844595252
    z: -0.0029021170152266906
  orientation:
    x: 0.0070059566976583328
    y: 0.01206850195647902
    z: 0.00026779371516109544
    w: 0.99990259331487041
