header:
  stamp:
    sec: 1751379230
    nanosec: 780319016
  frame_id: grasp_link
pose:
  position:
    x: -0.0002368137768644939
    y: -0.0015941870633417409
    z: 0.00091411799556362361
  orientation:
    x: 0.07619444235673499
    y: -0.023837172210962671
    z: 0.0013009098637521046
    w: 0.99680715477390991
