header:
  stamp:
    sec: 1751379162
    nanosec: 263648133
  frame_id: grasp_link
pose:
  position:
    x: 4.8729545398332197e-05
    y: -0.0010260887842470686
    z: -0.0014971795401579335
  orientation:
    x: 0.00035852110980085687
    y: -0.00098939380757411596
    z: 0.00015708092730816453
    w: 0.99999943394388469
