header:
  stamp:
    sec: 1751379164
    nanosec: 185638507
  frame_id: grasp_link
pose:
  position:
    x: 7.4728621444933741e-05
    y: -0.0012033360182601323
    z: -0.0026232326448050181
  orientation:
    x: 0.0048800678845764521
    y: 0.0016813303496653832
    z: 1.4601813261000125e-05
    w: 0.99998667883751557
