header:
  stamp:
    sec: 1751379165
    nanosec: 873626424
  frame_id: grasp_link
pose:
  position:
    x: -0.00020670397114299423
    y: -0.00097849806167948526
    z: -0.0028759175948508409
  orientation:
    x: 0.0043260025659605577
    y: -0.0008703779895278392
    z: -0.00018213116518239845
    w: 0.99999024743854059
