header:
  stamp:
    sec: 1751379167
    nanosec: 550342952
  frame_id: grasp_link
pose:
  position:
    x: 0.0002720340849916893
    y: -0.0008638442892565908
    z: -0.0039232333475681669
  orientation:
    x: 0.0013221250398071133
    y: 0.014552774934770059
    z: 0.001022224329955949
    w: 0.99989270613626169
