header:
  stamp:
    sec: 1751379169
    nanosec: 176918905
  frame_id: grasp_link
pose:
  position:
    x: 0.00029814235076790988
    y: -0.0011618223862467395
    z: -0.0029401789523380017
  orientation:
    x: 0.0069472720658472443
    y: 0.012255212260124094
    z: 0.00030667726863663609
    w: 0.99990072063798185
