header:
  stamp:
    sec: 1751379170
    nanosec: 701828148
  frame_id: grasp_link
pose:
  position:
    x: -0.00031397671230352377
    y: -0.0018275595137173862
    z: 0.0035734996529571683
  orientation:
    x: 0.091835350802420085
    y: -0.024452405238707772
    z: 0.0006117513682327106
    w: 0.99547374349166129
